0 0.0723958328125 0.4574074078125 0.0828125 0.4481481484375 0.0880208328125 0.4388888890625 0.08645833281250001 0.43055555625 0.071875 0.42592592656250006 0.058333332812500006 0.43240740781250003 0.055208332812500004 0.4370370375 0.0515625 0.44907407343749994 0.0536458328125 0.45277777812500003 0.0671875 0.4583333328125 0.0723958328125 0.4574074078125
0 0.2744791671875 0.5324074078125001 0.2755208328125 0.5148148140625 0.2713541671875 0.5074074078125 0.25833333281250004 0.5009259265625 0.2479166671875 0.521296296875 0.24739583281250002 0.5287037031249999 0.2552083328125 0.5481481484375 0.2640625 0.547222221875 0.2744791671875 0.5324074078125001
0 0.503125 0.6898148140625 0.4994791671875 0.6925925921875 0.5036458328125 0.6990740734374999 0.5041666671875 0.7046296296875 0.5098958328125 0.7111111109375 0.509375 0.7166666671875 0.515625 0.7203703703125 0.5239583328124999 0.7166666671875 0.5291666671875 0.696296296875 0.5322916671875 0.6990740734374999 0.5375 0.696296296875 0.5401041671875 0.6731481484375 0.5322916671875 0.6638888890625 0.5333333328125 0.6574074078125001 0.5307291671875001 0.6453703703125 0.5213541671875 0.6425925921875 0.5005208328124999 0.6620370375 0.49895833281249996 0.66944444375 0.5036458328125 0.675 0.5041666671875 0.6833333328125 0.503125 0.6898148140625
0 0.5177083328125 0.796296296875 0.5291666671875 0.8083333328125001 0.53125 0.7916666671875 0.5380208328125 0.7833333328125 0.5375 0.7787037031249999 0.5421875 0.775 0.5447916671875 0.7648148140625 0.5380208328125 0.7324074078125 0.5333333328125 0.7212962968750001 0.5286458328125 0.7175925921874999 0.5239583328124999 0.73055555625 0.5098958328125 0.7231481484375 0.5088541671875 0.7296296296875 0.5052083328125 0.734259259375 0.5036458328125 0.7398148140624999 0.5041666671875 0.7675925921875 0.5088541671875 0.771296296875 0.5177083328125 0.796296296875
0 0.8375 0.45648148125 0.8442708328125 0.44259259218749997 0.84375 0.43148148124999997 0.8395833328125001 0.42222222187499997 0.8270833328125 0.4129629625 0.8135416671875 0.42314814843750004 0.8109375 0.42870370312499995 0.8119791671875 0.44444444375 0.8182291671874999 0.4601851859375 0.8328125 0.4601851859375 0.8375 0.45648148125
0 0.9135416671875 0.4583333328125 0.9166666671874999 0.43518518593750005 0.8953125 0.42592592656250006 0.8875 0.43148148124999997 0.8822916671875 0.447222221875 0.88125 0.4509259265625 0.8885416671874999 0.4611111109375 0.9041666671874999 0.4675925921875 0.9135416671875 0.4583333328125
0 0.9588541671874999 0.5990740734375 0.9630208328125001 0.5981481484375 0.9708333328125001 0.603703703125 0.9817708328125001 0.597222221875 0.9828125 0.5888888890625 0.9895833328125001 0.5833333328125 0.9916666671875 0.571296296875 0.9895833328125001 0.5638888890625 0.984375 0.559259259375 0.9583333328125001 0.5555555562500001 0.9510416671874999 0.559259259375 0.946875 0.5759259265625001 0.9463541671875 0.5833333328125 0.9505208328125001 0.5888888890625 0.9557291671874999 0.5879629625 0.9588541671874999 0.5990740734375
2 0.8067708328125001 0.3611111109375 0.8057291671875 0.3398148140625 0.7942708328125 0.33888888906250003 0.7864583328125 0.3481481484375 0.7869791671875 0.3611111109375 0.7921875 0.371296296875 0.796875 0.371296296875 0.8067708328125001 0.3611111109375
2 0.8526041671875 0.5129629625 0.85625 0.5175925921875 0.8739583328125 0.5111111109375 0.8822916671875 0.5 0.8828125 0.48055555625 0.8786458328125001 0.46296296249999996 0.875 0.4583333328125 0.8677083328125 0.45555555625000005 0.85 0.4703703703125 0.8484375 0.4768518515625 0.8494791671874999 0.5009259265625 0.8541666671874999 0.503703703125 0.8526041671875 0.5129629625
2 0.39791666718749996 0.23333333281250002 0.40989583281249997 0.24722222187499998 0.41822916718750003 0.24722222187499998 0.415625 0.2203703703125 0.41770833281249997 0.2138888890625 0.41770833281249997 0.1990740734375 0.4234375 0.178703703125 0.42291666718750004 0.1675925921875 0.4078125 0.1629629625 0.40208333281249997 0.1675925921875 0.3963541671875 0.1648148140625 0.39375 0.16851851874999998 0.3796875 0.21296296250000002 0.3807291671875 0.22407407343750002 0.3864583328125 0.2296296296875 0.39791666718749996 0.23333333281250002
1 0.3333333328125 0.3879629625 0.3385416671875 0.397222221875 0.3390625 0.41203703750000004 0.34427083281250004 0.41944444374999995 0.3479166671875 0.43518518593750005 0.3572916671875 0.4453703703125 0.3604166671875 0.4583333328125 0.3802083328125 0.47592592656250005 0.3838541671875 0.4888888890625 0.39375 0.49629629687500004 0.39895833281250004 0.50648148125 0.40833333281249995 0.5129629625 0.4234375 0.5305555562500001 0.4328125 0.5287037031249999 0.4348958328125 0.5240740734375 0.4427083328125 0.5259259265625 0.45520833281249995 0.5138888890625 0.45520833281249995 0.509259259375 0.45989583281249996 0.502777778125 0.47447916718750005 0.49351851875 0.47447916718750005 0.4861111109375 0.4692708328125 0.48148148125 0.47083333281249995 0.47407407343749997 0.4682291671875 0.44444444375 0.4713541671875 0.42870370312499995 0.47083333281249995 0.42129629687500003 0.47552083281249996 0.40648148125 0.47291666718750003 0.403703703125 0.47291666718750003 0.397222221875 0.4682291671875 0.39444444375 0.47239583281249997 0.3740740734375 0.4828125 0.3740740734375 0.4828125 0.3518518515625 0.47447916718750005 0.30648148124999997 0.46666666718750005 0.2851851859375 0.45885416718750005 0.272222221875 0.4390625 0.2518518515625 0.40208333281249997 0.24907407343750002 0.3953125 0.2601851859375 0.384375 0.25648148125 0.3645833328125 0.2703703703125 0.3625 0.27870370312500004 0.3536458328125 0.2851851859375 0.3296875 0.315740740625 0.3260416671875 0.322222221875 0.3265625 0.3583333328125 0.3317708328125 0.3740740734375 0.3333333328125 0.3879629625
1 0.4484375 0.25740740781250004 0.4682291671875 0.2851851859375 0.4796875 0.322222221875 0.48541666718750004 0.3731481484375 0.49010416718750005 0.375 0.49583333281249997 0.371296296875 0.503125 0.34722222187499996 0.5255208328125 0.309259259375 0.5270833328125 0.29907407343750003 0.5322916671875 0.2870370375 0.53125 0.28055555625 0.534375 0.26944444375 0.5401041671875 0.259259259375 0.54375 0.22407407343750002 0.5427083328125 0.1981481484375 0.5375 0.184259259375 0.5385416671875001 0.171296296875 0.5369791671875 0.1648148140625 0.5333333328125 0.1629629625 0.53125 0.13333333281249998 0.5265625 0.12129629687500001 0.5255208328125 0.1111111109375 0.5208333328125 0.10092592656249999 0.5135416671875 0.10092592656249999 0.47083333281249995 0.125 0.4546875 0.13888888906250002 0.45104166718750005 0.146296296875 0.446875 0.147222221875 0.44427083281249996 0.15648148125 0.43645833281249996 0.16944444375 0.43541666718750005 0.17962962968750001 0.43072916718750004 0.1916666671875 0.42552083281249997 0.22777777812500002 0.4265625 0.240740740625 0.4302083328125 0.246296296875 0.4484375 0.25740740781250004
1 0.490625 0.5018518515625 0.5010416671875 0.5129629625 0.5083333328124999 0.5083333328124999 0.509375 0.5129629625 0.5182291671875 0.5203703703125 0.5291666671875 0.5268518515625 0.5380208328125 0.527777778125 0.553125 0.5240740734375 0.5755208328125 0.509259259375 0.6041666671875 0.4824074078125 0.6083333328125 0.47407407343749997 0.6083333328125 0.44629629687500005 0.6010416671875001 0.378703703125 0.6010416671875001 0.352777778125 0.5942708328124999 0.32592592656249997 0.5880208328125 0.31759259218749997 0.5880208328125 0.3111111109375 0.584375 0.3046296296875 0.578125 0.3009259265625 0.5765625 0.290740740625 0.5661458328125 0.284259259375 0.5625 0.275 0.553125 0.275 0.5447916671875 0.2648148140625 0.5380208328125 0.2675925921875 0.47447916718750005 0.4175925921875 0.46979166718750004 0.44259259218749997 0.4692708328125 0.4620370375 0.478125 0.4888888890625 0.4859375 0.502777778125 0.490625 0.5018518515625
1 0.3869791671875 0.7018518515625 0.4 0.8 0.40520833281249996 0.803703703125 0.4067708328125 0.8027777781250001 0.40416666718750005 0.7953703703125 0.4067708328125 0.7490740734375 0.4114583328125 0.75 0.4171875 0.7611111109375 0.425 0.7648148140625 0.44166666718750003 0.75555555625 0.44427083281249996 0.75 0.45208333281249996 0.747222221875 0.45625 0.740740740625 0.45677083281249997 0.7333333328125 0.4614583328125 0.7259259265625 0.46666666718750005 0.7046296296875 0.47552083281249996 0.6379629625 0.46875 0.6148148140624999 0.4692708328125 0.5953703703125 0.46302083281249995 0.5796296296875 0.45520833281249995 0.5740740734374999 0.45 0.5638888890625 0.428125 0.5574074078125 0.41041666718750003 0.5638888890625 0.40520833281249996 0.5824074078125 0.3947916671875 0.5944444437499999 0.3864583328125 0.61944444375 0.3848958328125 0.63055555625 0.3880208328125 0.6555555562500001 0.3854166671875 0.665740740625 0.3869791671875 0.7018518515625
1 0.0645833328125 0.765740740625 0.090625 0.7611111109375 0.10364583281249999 0.7518518515625 0.1348958328125 0.6953703703125 0.1385416671875 0.6768518515624999 0.1390625 0.6601851859375001 0.1421875 0.6481481484375 0.1510416671875 0.64444444375 0.1546875 0.61851851875 0.1427083328125 0.609259259375 0.1307291671875 0.6083333328125 0.1234375 0.602777778125 0.10625 0.5990740734375 0.08333333281250001 0.60555555625 0.060416667187499995 0.625 0.0401041671875 0.6574074078125001 0.0385416671875 0.6703703703125 0.03125 0.6796296296875 0.0270833328125 0.690740740625 0.0317708328125 0.7240740734375 0.0380208328125 0.7398148140624999 0.05208333281250001 0.7611111109375 0.0645833328125 0.765740740625
1 0.1432291671875 0.521296296875 0.1473958328125 0.525 0.1541666671875 0.5398148140625 0.1848958328125 0.571296296875 0.20416666718749998 0.5629629625 0.2322916671875 0.5574074078125 0.2375 0.5527777781250001 0.24114583281250002 0.546296296875 0.240625 0.5370370375 0.2453125 0.5175925921875 0.2510416671875 0.5046296296875 0.2598958328125 0.4981481484375 0.2640625 0.490740740625 0.2609375 0.465740740625 0.2479166671875 0.4379629625 0.24583333281250003 0.42222222187499997 0.2484375 0.41944444374999995 0.23958333281250002 0.41944444374999995 0.21979166718749998 0.40648148125 0.2010416671875 0.4 0.1979166671875 0.40277777812500004 0.18125 0.3990740734375 0.175 0.403703703125 0.16458333281249998 0.403703703125 0.1598958328125 0.41111111093749997 0.1505208328125 0.415740740625 0.146875 0.4296296296875 0.1385416671875 0.4361111109375 0.1354166671875 0.4509259265625 0.134375 0.475 0.140625 0.4888888890625 0.1380208328125 0.4990740734375 0.1432291671875 0.521296296875
1 0.2244791671875 0.6509259265625 0.24548593749999997 0.6518518515625 0.2510416671875 0.6620370375 0.28177083281250004 0.6537037031249999 0.2828125 0.6509259265625 0.2796875 0.6101851859375 0.2765625 0.6018518515625 0.2635416671875 0.5796296296875 0.2510416671875 0.56851851875 0.2442708328125 0.5555555562500001 0.23854166718749997 0.5601851859375 0.22760416718749998 0.5583333328125 0.1963541671875 0.5694444437499999 0.1911458328125 0.5759259265625001 0.1921875 0.5796296296875 0.1885416671875 0.5870370375 0.1885416671875 0.5953703703125 0.1703125 0.6259259265625 0.16354166718750002 0.627777778125 0.1630208328125 0.634259259375 0.18020833281249998 0.647222221875 0.1890625 0.6629629625 0.2244791671875 0.6509259265625
1 0.2859375 0.6111111109375 0.2848958328125 0.61944444375 0.2901041671875 0.6240740734375 0.2864583328125 0.6555555562500001 0.2854166671875 0.659259259375 0.2677083328125 0.6574074078125001 0.2614583328125 0.6731481484375 0.265625 0.6768518515624999 0.2640625 0.6870370375 0.2666666671875 0.69351851875 0.2791666671875 0.709259259375 0.284375 0.709259259375 0.2953125 0.6990740734374999 0.3026041671875 0.6972222218749999 0.3109375 0.6851851859375 0.33125 0.6231481484375 0.3328125 0.6111111109375 0.3307291671875 0.5759259265625001 0.32760416718749996 0.56851851875 0.321875 0.5675925921875 0.31875 0.55648148125 0.2989583328125 0.5611111109375 0.2953125 0.5703703703125 0.290625 0.5722222218749999 0.2854166671875 0.5833333328125 0.2854166671875 0.5953703703125 0.2890625 0.597222221875 0.28958333281250004 0.60648148125 0.2859375 0.6111111109375
1 0.2479166671875 0.9898148140625 0.2546875 0.9990740734375001 0.2932291671875 0.9990740734375001 0.2989583328125 0.9888888890624999 0.3260416671875 0.9629629625 0.3322916671875 0.9416666671874999 0.3375 0.934259259375 0.3369791671875 0.91944444375 0.34322916718749996 0.9111111109375001 0.34322916718749996 0.89351851875 0.3463541671875 0.884259259375 0.34322916718749996 0.86851851875 0.3463541671875 0.853703703125 0.3427083328125 0.8138888890624999 0.3369791671875 0.7981481484375 0.3307291671875 0.79444444375 0.3260416671875 0.7805555562500001 0.3104166671875 0.7787037031249999 0.28177083281250004 0.79444444375 0.2536458328125 0.828703703125 0.2510416671875 0.8398148140625 0.2401041671875 0.8611111109375 0.2322916671875 0.8925925921875001 0.23177083281250002 0.9148148140625001 0.23958333281250002 0.9694444437499999 0.2442708328125 0.9740740734375001 0.2479166671875 0.9898148140625
1 0.125 0.9990740734375001 0.24635416718749997 0.9990740734375001 0.2442708328125 0.9851851859374999 0.23697916718749998 0.9666666671874999 0.2328125 0.93148148125 0.2265625 0.9064814812499999 0.2109375 0.88055555625 0.20625 0.877777778125 0.1984375 0.88055555625 0.1890625 0.8740740734375001 0.1854166671875 0.8518518515625001 0.1796875 0.8481481484375 0.1734375 0.8462962968750001 0.1640625 0.8509259265625 0.1307291671875 0.8740740734375001 0.1010416671875 0.91944444375 0.10052083281249999 0.9324074078125 0.109375 0.9638888890624999 0.1145833328125 0.98055555625 0.125 0.9990740734375001
1 0.3416666671875 0.73055555625 0.365625 0.709259259375 0.38229166718749996 0.6851851859375 0.3838541671875 0.6759259265625001 0.38229166718749996 0.6601851859375001 0.3848958328125 0.6490740734375 0.3817708328125 0.628703703125 0.37447916718749996 0.5953703703125 0.3671875 0.5796296296875 0.35885416718749996 0.56898148125 0.3567708328125 0.5527777781250001 0.3536458328125 0.5453703703125 0.34427083281250004 0.547222221875 0.3421875 0.5731481484375001 0.3369791671875 0.5916666671875 0.3328125 0.621296296875 0.32083333281250004 0.665740740625 0.32083333281250004 0.6731481484375 0.3088541671875 0.696296296875 0.3083333328125 0.7018518515625 0.31197916718749996 0.7120370375 0.321875 0.7240740734375 0.3416666671875 0.73055555625
1 0.3380208328125 0.5611111109375 0.3421875 0.5490740734374999 0.3416666671875 0.540740740625 0.35 0.5361111109375 0.3604166671875 0.5481481484375 0.3614583328125 0.5601851859375 0.3729166671875 0.5601851859375 0.3682291671875 0.5453703703125 0.36875 0.5361111109375 0.3630208328125 0.5203703703125 0.35989583281250004 0.4990740734375 0.3536458328125 0.4861111109375 0.3458333328125 0.477777778125 0.3270833328125 0.46851851875 0.3114583328125 0.47222222187499996 0.30416666718749996 0.48333333281249996 0.30520833281250004 0.49351851875 0.3020833328125 0.50648148125 0.2994791671875 0.509259259375 0.3005208328125 0.5314814812499999 0.30625 0.54444444375 0.3239583328125 0.5601851859375 0.3380208328125 0.5611111109375
1 0.323125 0.46666666718750005 0.3494791671875 0.47592592656250005 0.3572916671875 0.4583333328125 0.3572916671875 0.45 0.3473958328125 0.4388888890625 0.34427083281250004 0.4240740734375 0.33645833281250004 0.41018518593750003 0.31875 0.3990740734375 0.30625 0.40277777812500004 0.2953125 0.4138888890625 0.2848958328125 0.434259259375 0.2838541671875 0.4388888890625 0.2984375 0.459259259375 0.3020833328125 0.471296296875 0.323125 0.46666666718750005
1 0.465625 0.575 0.48333333281249996 0.622222221875 0.4916666671875 0.6231481484375 0.49895833281249996 0.6166666671875001 0.503125 0.6268518515625 0.509375 0.627777778125 0.5177083328125 0.6259259265625 0.5234375 0.6166666671875001 0.5291666671875 0.6129629624999999 0.5317708328124999 0.5870370375 0.53125 0.5601851859375 0.528125 0.55648148125 0.5286458328125 0.5518518515624999 0.5208333328125 0.534259259375 0.5244791671875 0.5287037031249999 0.509375 0.515740740625 0.5052083328125 0.5175925921875 0.490625 0.50648148125 0.4796875 0.502777778125 0.4640625 0.50555555625 0.45885416718750005 0.51944444375 0.45208333281249996 0.525 0.4505208328125 0.5287037031249999 0.4526041671875 0.5425925921875 0.4515625 0.5518518515624999 0.465625 0.575
1 0.5421875 0.6731481484375 0.5458333328125 0.6879629625 0.5427083328125 0.7018518515625 0.5453125 0.7879629625 0.54375 0.8148148140625 0.5484375 0.815740740625 0.5645833328125 0.803703703125 0.5854166671875001 0.7787037031249999 0.5875 0.772222221875 0.603125 0.7759259265625 0.6348958328125 0.740740740625 0.6338541671875 0.727777778125 0.6354166671875 0.7203703703125 0.628125 0.68148148125 0.6083333328125 0.6388888890625 0.5953125 0.63148148125 0.5890625 0.634259259375 0.5776041671875001 0.609259259375 0.56875 0.603703703125 0.5651041671875 0.60648148125 0.559375 0.603703703125 0.5484375 0.6111111109375 0.5348958328125 0.6379629625 0.5348958328125 0.6546296296875 0.5453125 0.665740740625 0.5447916671875 0.671296296875 0.5421875 0.6731481484375
1 0.5635416671875 0.8490740734375001 0.56875 0.85 0.575 0.8574074078124999 0.5921875 0.8879629625 0.5927083328125 0.8925925921875001 0.6015625 0.9009259265624999 0.6036458328125 0.9148148140625001 0.6083333328125 0.9231481484374999 0.6088541671875001 0.9388888890624999 0.6182291671875 0.9583333328125001 0.6255208328124999 0.9638888890624999 0.6385416671875 0.9861111109375 0.6385416671875 0.9990740734375001 0.6802083328124999 0.9990740734375001 0.6864583328125 0.99444444375 0.6921875 0.98148148125 0.6989583328125 0.9509259265625 0.6989583328125 0.9296296296875 0.703125 0.9083333328125001 0.7036458328124999 0.871296296875 0.7 0.8583333328125 0.7005208328125 0.8453703703125001 0.6864583328125 0.790740740625 0.68125 0.7833333328125 0.6822916671875 0.7759259265625 0.66875 0.7629629625 0.665625 0.752777778125 0.6416666671875 0.75 0.6265625 0.75648148125 0.6229166671875 0.7638888890625 0.6135416671875 0.7675925921875 0.6020833328124999 0.7814814812499999 0.5807291671875 0.7824074078125001 0.5479166671875 0.8175925921875 0.5458333328125 0.8296296296874999 0.5473958328124999 0.8333333328125001 0.5588541671875 0.8379629625 0.5635416671875 0.8490740734375001
1 0.6473958328125 0.6898148140625 0.6583333328125 0.7074074078125 0.6791666671875001 0.7138888890625 0.7046875 0.734259259375 0.7244791671875 0.7379629624999999 0.7463541671875 0.7333333328125 0.7526041671875 0.7296296296875 0.7546875 0.7203703703125 0.7598958328125 0.7129629625 0.7609375 0.6953703703125 0.7588541671875 0.6870370375 0.734375 0.6916666671875 0.728125 0.6638888890625 0.7307291671875 0.646296296875 0.7291666671875 0.597222221875 0.7244791671875 0.590740740625 0.7203125 0.5925925921874999 0.7114583328124999 0.578703703125 0.7052083328125 0.5796296296875 0.696875 0.571296296875 0.6854166671875 0.575 0.6791666671875001 0.5722222218749999 0.6661458328125 0.5916666671875 0.6567708328124999 0.5944444437499999 0.6421875 0.6111111109375 0.6390625 0.6231481484375 0.6317708328125 0.634259259375 0.6307291671875 0.6416666671875 0.6296875 0.6574074078125001 0.6359375 0.6731481484375 0.6369791671875 0.6851851859375 0.6473958328125 0.6898148140625
1 0.7354166671875 0.66944444375 0.7421875 0.6703703703125 0.7463541671875 0.6777777781250001 0.7442708328125 0.6851851859375 0.7458333328125 0.6861111109375 0.7494791671875001 0.6851851859375 0.7505208328124999 0.6777777781250001 0.7564234375 0.6777777781250001 0.7630208328125 0.6833333328125 0.7609375 0.7194444437499999 0.7708333328125 0.7351851859375 0.79375 0.75648148125 0.8046875 0.7611111109375 0.8151041671874999 0.7583333328124999 0.8265625 0.7629629625 0.8328125 0.7574074078125 0.8453125 0.759259259375 0.85625 0.7546296296875 0.8630208328125001 0.746296296875 0.8723958328125001 0.7425925921875 0.8765625 0.7333333328125 0.8911458328125 0.725 0.9020833328125001 0.7074074078125 0.9041666671874999 0.69351851875 0.909375 0.6851851859375 0.909375 0.6777777781250001 0.9005208328125001 0.671296296875 0.8979166671875 0.6564814812499999 0.8921875 0.64444444375 0.8828125 0.640740740625 0.8729166671874999 0.6166666671875001 0.8604166671875 0.6129629624999999 0.8583333328125 0.5990740734375 0.8552083328125001 0.5925925921874999 0.8447916671875 0.5898148140624999 0.8416666671874999 0.58055555625 0.8354166671875 0.5722222218749999 0.8041666671875 0.5481481484375 0.8041666671875 0.54444444375 0.7984375 0.5379629625 0.7828125 0.534259259375 0.7796875 0.5305555562500001 0.7708333328125 0.5379629625 0.7625 0.5370370375 0.7385416671875 0.5638888890625 0.7307291671875 0.5888888890625 0.7296875 0.6120370375 0.7333333328125 0.647222221875 0.7317708328125 0.65 0.7354166671875 0.66944444375
1 0.7213541671875 0.8981481484374999 0.7265625 0.9129629625 0.7322916671875 0.91851851875 0.7322916671875 0.9240740734375 0.7755208328125 0.9648148140625 0.78125 0.9648148140625 0.7958333328125 0.9759259265625 0.81875 0.9796296296874999 0.8239583328125001 0.984259259375 0.8328125 0.98055555625 0.8453125 0.98148148125 0.8578125 0.965740740625 0.86875 0.9324074078125 0.8708333328125001 0.9037037031249999 0.8677083328125 0.8925925921875001 0.8640625 0.8879629625 0.8625 0.8574074078124999 0.8666666671875 0.840740740625 0.8515625 0.80648148125 0.8484375 0.7851851859375001 0.8489583328125001 0.775 0.8421875 0.7648148140625 0.8020833328125001 0.765740740625 0.7755208328125 0.7416666671875001 0.7635416671875 0.7361111109375 0.7572916671875001 0.7388888890625 0.7510416671875 0.7351851859375 0.7255208328125 0.740740740625 0.7125 0.7388888890625 0.7067708328125 0.7546296296875 0.6994791671875 0.79351851875 0.7 0.8083333328125001 0.6979166671875 0.8175925921875 0.7125 0.89444444375 0.7213541671875 0.8981481484374999
1 0.8796875 0.8740740734375001 0.8848958328125001 0.88148148125 0.9083333328125001 0.8851851859375 0.9270833328125001 0.878703703125 0.9536458328125 0.8351851859374999 0.959375 0.8296296296874999 0.9703125 0.76851851875 0.9692708328125 0.759259259375 0.9609375 0.75 0.9578125 0.7370370375 0.9260416671874999 0.7268518515625 0.8838541671875 0.7361111109375 0.8692708328125001 0.7509259265625 0.8572916671874999 0.775 0.8515625 0.790740740625 0.8526041671875 0.8055555562500001 0.8734375 0.8444444437499999 0.8796875 0.8740740734375001
1 0.6135416671875 0.42870370312499995 0.6145833328125 0.4361111109375 0.6125 0.45370370312499997 0.6145833328125 0.46481481406249997 0.6130208328125 0.4731481484375 0.6005208328125 0.49351851875 0.5963541671875 0.5240740734375 0.5984375 0.553703703125 0.6020833328124999 0.5611111109375 0.6135416671875 0.5703703703125 0.63125 0.5935185187500001 0.6494791671875 0.5944444437499999 0.665625 0.5861111109375 0.6734375 0.5740740734374999 0.675 0.5620370375 0.6833333328125 0.5361111109375 0.6848958328125 0.51851851875 0.6833333328125 0.509259259375 0.671875 0.477777778125 0.6489583328124999 0.447222221875 0.6385416671875 0.4175925921875 0.6265625 0.40555555625000006 0.6114583328125 0.4074074078125 0.6145833328125 0.4166666671875 0.6145833328125 0.42129629687500003 0.6109375 0.42592592656250006 0.6135416671875 0.42870370312499995
1 0.48541666718750004 0.9990740734375001 0.4921875 0.996296296875 0.49635416718750003 0.9990740734375001 0.634375 0.9990740734375001 0.6369791671875 0.990740740625 0.6369791671875 0.9861111109375 0.6328125 0.978703703125 0.6135416671875 0.953703703125 0.6078125 0.940740740625 0.6072916671875 0.9240740734375 0.6026041671875 0.915740740625 0.5989583328125 0.9 0.5947916671875 0.897222221875 0.5723958328125 0.8574074078124999 0.5604166671875 0.8490740734375001 0.5567708328125 0.840740740625 0.5453125 0.8398148140625 0.540625 0.83055555625 0.5307291671875001 0.8370370375 0.525 0.8333333328125001 0.5135416671875 0.8398148140625 0.5015625 0.85555555625 0.4869791671875 0.9 0.484375 0.9388888890624999 0.48802083281249997 0.9481481484375 0.4838541671875 0.9611111109375001 0.47447916718750005 0.9611111109375001 0.4703125 0.975 0.46666666718750005 0.99351851875 0.4692708328125 0.9990740734375001 0.4791666671875 0.996296296875 0.48541666718750004 0.9990740734375001
1 0.7322916671875 0.3083333328125 0.7614583328125 0.2629629625 0.7671875 0.2638888890625 0.7802083328125 0.253703703125 0.8104166671874999 0.2518518515625 0.8177083328125001 0.22777777812500002 0.8192708328125 0.20370370312500002 0.8182291671874999 0.1768518515625 0.8109375 0.15092592656249998 0.8041666671875 0.1416666671875 0.8020833328125001 0.13333333281249998 0.7828125 0.1148148140625 0.7671875 0.11388888906250001 0.7552083328125 0.12407407343750002 0.7447916671875 0.13888888906250002 0.7390625 0.15277777812499999 0.7375 0.1620370375 0.7421875 0.17314814843749998 0.74375 0.1861111109375 0.7375 0.21574074062499998 0.7333333328125 0.2203703703125 0.7296875 0.23240740781250002 0.7260416671875001 0.2666666671875 0.7276041671875 0.2731481484375 0.7265625 0.3009259265625 0.7322916671875 0.3083333328125
1 0.7484375 0.3851851859375 0.7557291671875 0.397222221875 0.775 0.397222221875 0.7911458328125 0.3879629625 0.7953125 0.3796296296875 0.7942708328125 0.3759259265625 0.8072916671874999 0.3509259265625 0.8161458328125001 0.352777778125 0.8322916671874999 0.30648148124999997 0.8260416671874999 0.2768518515625 0.8072916671874999 0.253703703125 0.7791666671875 0.253703703125 0.7692708328125 0.2611111109375 0.7635416671875 0.259259259375 0.7479166671875 0.2740740734375 0.728125 0.3101851859375 0.7276041671875 0.32685185156249996 0.7286458328125 0.3518518515625 0.7270833328124999 0.3611111109375 0.7322916671875 0.3703703703125 0.7484375 0.3851851859375
1 0.6729166671875 0.372222221875 0.6755208328125 0.36944444375 0.6932291671875 0.36759259218749996 0.6973958328125 0.371296296875 0.7046875 0.36666666718749996 0.7130208328125 0.36666666718749996 0.721875 0.3601851859375 0.7255208328125 0.3453703703125 0.721875 0.3425925921875 0.7203125 0.3129629625 0.725 0.2870370375 0.7223958328125 0.26203703749999996 0.7083333328125 0.24907407343750002 0.6822916671875 0.2675925921875 0.6796875 0.2740740734375 0.6734375 0.2759259265625 0.6703125 0.2953703703125 0.665625 0.2953703703125 0.6645833328124999 0.29907407343750003 0.6671875 0.31851851875000003 0.6598958328125 0.352777778125 0.6463541671875 0.3768518515625 0.6442708328125 0.38703703749999996 0.6447916671875 0.4 0.6630208328125 0.3990740734375 0.671875 0.3879629625 0.6729166671875 0.372222221875
1 0.6515625 0.28611111093749997 0.6541666671875 0.2925925921875 0.6604166671875 0.28796296250000003 0.6682291671875 0.26944444375 0.7 0.2518518515625 0.7145833328125 0.2398148140625 0.7260416671875001 0.22870370312500002 0.7395833328125 0.20740740781250003 0.7416666671875001 0.184259259375 0.740625 0.17314814843749998 0.7348958328124999 0.1601851859375 0.7229166671875 0.15648148125 0.7078125 0.1574074078125 0.6838541671875 0.1703703703125 0.6661458328125 0.2046296296875 0.6640625 0.2166666671875 0.6411458328124999 0.26851851875 0.6375 0.2675925921875 0.6364583328125 0.275 0.6385416671875 0.2796296296875 0.6453125 0.28055555625 0.6515625 0.28611111093749997
1 0.6390625 0.275 0.646875 0.26944444375 0.6546875 0.26944444375 0.6619791671875 0.25740740781250004 0.6661458328125 0.25555555625 0.6684026046875 0.1996916671875 0.6765625 0.1833333328125 0.6822916671875 0.177777778125 0.6828125 0.16944444375 0.678125 0.1675925921875 0.6739583328125 0.1583333328125 0.6661458328125 0.15 0.6609375 0.1490740734375 0.6578125 0.1425925921875 0.6442708328125 0.13981481406250001 0.6213541671875 0.15 0.6104166671875 0.1703703703125 0.6072916671875 0.1824074078125 0.60625 0.2166666671875 0.6098958328124999 0.23148148124999998 0.6390625 0.27870370312500004 0.6390625 0.275
1 0.8317708328125001 0.246296296875 0.8244791671874999 0.2601851859375 0.8234375 0.2675925921875 0.8286458328125 0.2759259265625 0.8354166671875 0.3101851859375 0.8390625 0.315740740625 0.8369791671875 0.3296296296875 0.8411458328125001 0.3351851859375 0.85 0.33888888906250003 0.8515625 0.34722222187499996 0.8645833328125001 0.35648148125 0.875 0.35648148125 0.8859375 0.34722222187499996 0.8921875 0.3481481484375 0.928125 0.3240740734375 0.9463541671875 0.328703703125 0.9713541671874999 0.32777777812500003 0.971875 0.3203703703125 0.9609375 0.28148148125 0.9567708328125001 0.2166666671875 0.9354166671874999 0.184259259375 0.9072916671875 0.1601851859375 0.8973958328125 0.1481481484375 0.8901041671875 0.147222221875 0.8760416671875 0.15370370312499998 0.8401041671874999 0.1870370375 0.8375 0.1925925921875 0.8395833328125001 0.19537037031249999 0.8380208328125001 0.2166666671875 0.8338541671874999 0.22870370312500002 0.8317708328125001 0.246296296875
1 0.8671875 0.41111111093749997 0.8791666671874999 0.427777778125 0.8984375 0.425 0.9130208328125 0.43240740781250003 0.9171875 0.440740740625 0.915625 0.45648148125 0.9182291671874999 0.46481481406249997 0.9333333328125001 0.4796296296875 0.9385416671875 0.49259259218749996 0.9515625 0.5 0.9541666671875 0.5083333328124999 0.9708333328125001 0.522222221875 0.9822916671874999 0.527777778125 0.9994791671875 0.5287037031249999 0.9994791671875 0.3361111109375 0.98125 0.33148148125 0.9536458328125 0.33148148125 0.946875 0.3333333328125 0.9390625 0.34444444375 0.9296875 0.3398148140625 0.9119791671874999 0.322222221875 0.8838541671875 0.31851851875000003 0.8760416671875 0.3231481484375 0.871875 0.3546296296875 0.8635416671874999 0.3583333328125 0.8588541671875 0.3648148140625 0.8567708328125001 0.372222221875 0.8578125 0.3888888890625 0.86875 0.3990740734375 0.8671875 0.41111111093749997
1 0.8416666671874999 0.16388888906250001 0.8411458328125001 0.172222221875 0.8609375 0.1629629625 0.8765625 0.1490740734375 0.8921875 0.1453703703125 0.8989583328125 0.147222221875 0.9078125 0.1583333328125 0.9166666671874999 0.1620370375 0.9197916671874999 0.1574074078125 0.9213541671875 0.1361111109375 0.9296875 0.10555555624999999 0.9270833328125001 0.10092592656249999 0.9276041671874999 0.0870370375 0.9177083328125001 0.0759259265625 0.9041666671874999 0.072222221875 0.8958333328125001 0.0759259265625 0.8802083328125001 0.0759259265625 0.8453125 0.0953703703125 0.83125 0.1129629625 0.8291666671875 0.12407407343750002 0.8260416671874999 0.12870370312499999 0.8255208328125001 0.1379629625 0.8286458328125 0.1453703703125 0.8385416671874999 0.15370370312499998 0.8416666671874999 0.16388888906250001
1 0.1390625 0.7361111109375 0.1385416671875 0.746296296875 0.1427083328125 0.7509259265625 0.15 0.7703703703125 0.1552083328125 0.7731481484375 0.1578125 0.7787037031249999 0.1651041671875 0.7814814812499999 0.1609375 0.8101851859375 0.1640625 0.8138888890624999 0.1734375 0.8138888890624999 0.1890625 0.8055555562500001 0.1984375 0.75555555625 0.1973958328125 0.7212962968750001 0.1911458328125 0.66944444375 0.1765625 0.64444444375 0.1677083328125 0.6398148140625 0.1572916671875 0.6398148140625 0.1421875 0.6509259265625 0.1369791671875 0.69351851875 0.1369791671875 0.7009259265625001 0.1390625 0.7046296296875 0.1354166671875 0.7324074078125 0.1390625 0.7361111109375
1 0.3984375 0.7870370375 0.40052083281249995 0.7990740734374999 0.4057291671875 0.8055555562500001 0.4078125 0.8175925921875 0.41302083281249996 0.827777778125 0.409375 0.8490740734375001 0.4078125 0.8490740734375001 0.4067708328125 0.88055555625 0.4135416671875 0.9055555562500001 0.41302083281249996 0.9231481484374999 0.415625 0.9351851859375 0.4324651046875 0.9379629625 0.4390625 0.9546296296874999 0.45416666718750004 0.9648148140625 0.459375 0.9638888890624999 0.47447916718750005 0.95 0.4760416671875 0.9425925921875 0.47864583281249995 0.9425925921875 0.4859375 0.8990740734375 0.5 0.8574074078124999 0.5057291671875 0.8509259265625 0.5114583328125 0.8379629625 0.5213541671875 0.83148148125 0.525 0.8333333328125001 0.4973958328125 0.734259259375 0.48229166718750005 0.7074074078125 0.4703125 0.7074074078125 0.46979166718750004 0.7138888890625 0.46458333281249997 0.7203703703125 0.465625 0.7268518515625 0.4609375 0.734259259375 0.4609375 0.7398148140624999 0.4515625 0.7490740734375 0.4458333328125 0.75 0.4421875 0.75648148125 0.42395833281249995 0.765740740625 0.41197916718750005 0.7509259265625 0.4067708328125 0.7509259265625 0.40520833281249996 0.7768518515625 0.40260416718750003 0.7824074078125001 0.4 0.7814814812499999 0.3984375 0.7870370375
1 0.7104166671875001 0.4731481484375 0.725 0.49351851875 0.7291666671875 0.5101851859375001 0.7276041671875 0.5287037031249999 0.7244791671875 0.5333333328125 0.7265625 0.5527777781250001 0.7322916671875 0.55648148125 0.7479166671875 0.5481481484375 0.7552083328125 0.5388888890625 0.7583333328124999 0.5287037031249999 0.7578125 0.5166666671875 0.7640625 0.4990740734375 0.7776041671875 0.48333333281249996 0.7791666671875 0.4620370375 0.7604166671875 0.41018518593750003 0.7520833328125 0.4046296296875 0.7479166671875 0.3898148140625 0.7390625 0.38333333281250004 0.734375 0.375 0.7244791671875 0.371296296875 0.696875 0.3759259265625 0.6890625 0.384259259375 0.6848958328125 0.397222221875 0.6817708328125 0.4 0.68125 0.41851851875 0.690625 0.4509259265625 0.7 0.46666666718750005 0.7104166671875001 0.4731481484375
1 0.875 0.6120370375 0.8854166671874999 0.628703703125 0.8859375 0.6379629625 0.8942708328125001 0.64351851875 0.9046875 0.6675925921875 0.9130208328125 0.66944444375 0.9276041671874999 0.665740740625 0.9291666671875 0.6564814812499999 0.9401041671874999 0.6490740734375 0.946875 0.63055555625 0.9541666671875 0.5990740734375 0.9463541671875 0.5888888890625 0.94375 0.575 0.9489583328125001 0.5601851859375 0.9473958328125001 0.553703703125 0.9354166671874999 0.5296296296875 0.9307291671875 0.525 0.9307291671875 0.5203703703125 0.9234375 0.5175925921875 0.915625 0.5074074078125 0.9020833328125001 0.5074074078125 0.8916666671875 0.51944444375 0.8895833328125 0.5268518515625 0.8677083328125 0.5370370375 0.8666666671875 0.54444444375 0.8708333328125001 0.5648148140625 0.871875 0.6 0.875 0.6120370375
1 0.6072916671875 0.3990740734375 0.6385416671875 0.40648148125 0.6453125 0.377777778125 0.6578125 0.3546296296875 0.6619791671875 0.340740740625 0.6661458328125 0.31944444375000003 0.665625 0.3101851859375 0.6609375 0.3018518515625 0.6536458328125 0.303703703125 0.6140625 0.26574074062499997 0.6067708328125 0.2648148140625 0.5921875 0.275 0.5911458328125 0.2833333328125 0.6041666671875 0.38333333281250004 0.603125 0.3953703703125 0.6072916671875 0.3990740734375
1 0.10729166718750001 0.9601851859374999 0.1 0.9444444437499999 0.0984375 0.928703703125 0.1010416671875 0.915740740625 0.10729166718750001 0.9120370375 0.1171875 0.8888888890625 0.1338541671875 0.86851851875 0.1572916671875 0.85555555625 0.1671875 0.8453703703125001 0.1796875 0.8425925921875 0.1864583328125 0.8333333328125001 0.18697916718750002 0.827777778125 0.184375 0.8222222218749999 0.1796875 0.8203703703125 0.1619791671875 0.8194444437499999 0.153125 0.8046296296875 0.121875 0.8175925921875 0.1109375 0.827777778125 0.0984375 0.8333333328125001 0.09114583281250001 0.847222221875 0.08333333281250001 0.852777778125 0.0723958328125 0.86851851875 0.07291666718749999 0.8740740734375001 0.06979166718749999 0.884259259375 0.05625 0.9101851859375 0.05625 0.922222221875 0.050520832812500006 0.9351851859375 0.046875 0.9583333328125001 0.0359375 0.9888888890624999 0.0359375 0.99444444375 0.0463541671875 0.9990740734375001 0.11822916718750001 0.9990740734375001 0.10729166718750001 0.9601851859374999