1 0.371875 0.5675925921875 0.3765625 0.565740740625 0.3880208328125 0.5740740734374999 0.3916666671875 0.571296296875 0.4046875 0.5481481484375 0.4088541671875 0.5379629625 0.4114583328125 0.5166666671875 0.41614583281249995 0.5129629625 0.4166666671875 0.49629629687500004 0.4145833328125 0.48518518593750004 0.4046875 0.4574074078125 0.39895833281250004 0.45 0.3932291671875 0.4481481484375 0.3859375 0.43333333281249997 0.3734375 0.42129629687500003 0.3557291671875 0.41851851875 0.34322916718749996 0.4240740734375 0.3401041671875 0.43148148124999997 0.3322916671875 0.4388888890625 0.328125 0.4620370375 0.32760416718749996 0.5231481484375 0.3296875 0.5296296296875 0.3421875 0.54351851875 0.371875 0.5675925921875
1 0.3385416671875 0.4203703703125 0.3427083328125 0.42222222187499997 0.3557291671875 0.4166666671875 0.3699651046875 0.4203703703125 0.3927083328125 0.447222221875 0.4015625 0.4509259265625 0.39375 0.41018518593750003 0.3932291671875 0.3509259265625 0.3958333328125 0.3231481484375 0.40208333281249997 0.30648148124999997 0.3994791671875 0.29351851875 0.3697916671875 0.27777777812500004 0.365625 0.2824074078125 0.3567708328125 0.28148148125 0.3348958328125 0.3120370375 0.3270833328125 0.3398148140625 0.325 0.35648148125 0.3255208328125 0.38240740781250004 0.3317708328125 0.4074074078125 0.3385416671875 0.4203703703125
1 0.4145833328125 0.477777778125 0.41822916718750003 0.48425925937500003 0.4322916671875 0.48333333281249996 0.43541666718750005 0.490740740625 0.4328125 0.497222221875 0.4369791671875 0.502777778125 0.4380208328125 0.5129629625 0.4421875 0.5175925921875 0.45416666718750004 0.51944444375 0.4604166671875 0.5166666671875 0.4671875 0.5018518515625 0.46302083281249995 0.49351851875 0.4625 0.48333333281249996 0.45677083281249997 0.475 0.459375 0.4601851859375 0.453125 0.4296296296875 0.4546875 0.377777778125 0.459375 0.35648148125 0.46510416718750003 0.3490740734375 0.465625 0.31759259218749997 0.4760416671875 0.29444444375 0.45989583281249996 0.2796296296875 0.43072916718750004 0.2703703703125 0.42291666718750004 0.2759259265625 0.41197916718750005 0.290740740625 0.3953125 0.3324074078125 0.3942708328125 0.3740740734375 0.3963541671875 0.4148148140625 0.4010416671875 0.4379629625 0.4145833328125 0.477777778125
1 0.48020833281249997 0.7185185187500001 0.4947916671875 0.7240740734375 0.5010416671875 0.7185185187500001 0.5135416671875 0.7185185187500001 0.5213541671875 0.7129629625 0.5791666671875 0.6546296296875 0.5807291671875 0.646296296875 0.5880208328125 0.6388888890625 0.590625 0.6240740734375 0.5953125 0.61851851875 0.6005208328125 0.5953703703125 0.5932291671875001 0.5796296296875 0.5895833328125 0.577777778125 0.5791666671875 0.578703703125 0.5765625 0.5870370375 0.5692708328125 0.5944444437499999 0.5640625 0.5953703703125 0.5583333328125 0.5870370375 0.5583333328125 0.5796296296875 0.5541666671875001 0.56851851875 0.5463541671875001 0.5583333328125 0.5130208328125 0.5324074078125001 0.4994791671875 0.534259259375 0.4828125 0.5481481484375 0.478125 0.5574074078125 0.47760416718750004 0.56851851875 0.47083333281249995 0.5851851859375 0.4671875 0.5879629625 0.4682291671875 0.5916666671875 0.46302083281249995 0.6111111109375 0.45416666718750004 0.6259259265625 0.453125 0.6824074078125 0.45989583281249996 0.6898148140625 0.4609375 0.7046296296875 0.48020833281249997 0.7185185187500001
2 0.1739583328125 0.7981481484375 0.1859375 0.7740740734375 0.1875 0.7601851859375001 0.1859375 0.7518518515625 0.1822916671875 0.747222221875 0.1729166671875 0.74444444375 0.16354166718750002 0.7509259265625 0.15625 0.7675925921875 0.1552083328125 0.771296296875 0.1619791671875 0.797222221875 0.1703125 0.79351851875 0.1739583328125 0.7981481484375
2 0.275 0.4768518515625 0.278125 0.4768518515625 0.2921875 0.44907407343749994 0.2822916671875 0.434259259375 0.278125 0.42222222187499997 0.2744791671875 0.42129629687500003 0.2682291671875 0.427777778125 0.2604166671875 0.45277777812500003 0.259375 0.459259259375 0.2614583328125 0.46388888906250003 0.2703125 0.4675925921875 0.275 0.4768518515625
2 0.2953125 0.58148148125 0.2984375 0.5925925921874999 0.3015625 0.590740740625 0.3 0.5824074078125 0.3026041671875 0.5740740734374999 0.3072916671875 0.5694444437499999 0.3109375 0.5555555562500001 0.3114583328125 0.5398148140625 0.30520833281250004 0.5240740734375 0.29375 0.5203703703125 0.2833333328125 0.5240740734375 0.2828125 0.5314814812499999 0.271875 0.5481481484375 0.2697916671875 0.5574074078125 0.2791666671875 0.5796296296875 0.2875 0.5759259265625001 0.2953125 0.58148148125
2 0.4848958328125 0.3379629625 0.48854166718750003 0.32777777812500003 0.49375 0.3324074078125 0.4953125 0.328703703125 0.49427083281249995 0.315740740625 0.4838541671875 0.29444444375 0.47447916718750005 0.29814814843750004 0.465625 0.3203703703125 0.465625 0.340740740625 0.4692708328125 0.34629629687499996 0.478125 0.3453703703125 0.4848958328125 0.3379629625
2 0.0802083328125 0.5833333328125 0.0796875 0.5768518515625 0.0723958328125 0.5694444437499999 0.055208332812500004 0.577777778125 0.054166667187499996 0.5833333328125 0.05989583281250001 0.6009259265625 0.075 0.5953703703125 0.0802083328125 0.5833333328125
2 0.1848958328125 0.5333333328125 0.196875 0.51944444375 0.203125 0.50648148125 0.2015625 0.4861111109375 0.1979166671875 0.48148148125 0.1859375 0.4824074078125 0.1755208328125 0.4916666671875 0.1755208328125 0.5166666671875 0.1817708328125 0.5231481484375 0.18125 0.5333333328125 0.1848958328125 0.5333333328125
2 0.22916666718749998 0.471296296875 0.23125 0.45185185156249996 0.2270833328125 0.4388888890625 0.22135416718749998 0.4370370375 0.20572916718749998 0.46481481406249997 0.203125 0.465740740625 0.20208333281250002 0.4703703703125 0.20833333281250002 0.4796296296875 0.2203125 0.4861111109375 0.22916666718749998 0.471296296875
0 0.0484375 0.63055555625 0.0432291671875 0.625 0.0369791671875 0.634259259375 0.0364583328125 0.6509259265625 0.0411458328125 0.6546296296875 0.0473958328125 0.6416666671875 0.0484375 0.63055555625
0 0.1135416671875 0.571296296875 0.11041666718750001 0.5648148140625 0.0994791671875 0.5638888890625 0.09895833281250001 0.5731481484375001 0.10364583281249999 0.5824074078125 0.1088541671875 0.5824074078125 0.1135416671875 0.571296296875
2 0.23958333281250002 0.6583333328125 0.24375 0.6601851859375001 0.2515625 0.63055555625 0.2515625 0.6203703703125 0.2348958328125 0.621296296875 0.2286458328125 0.6259259265625 0.225 0.634259259375 0.2166666671875 0.6388888890625 0.215625 0.64351851875 0.22552083281250002 0.659259259375 0.23177083281250002 0.6638888890625 0.23958333281250002 0.6583333328125
2 0.628125 0.33148148125 0.6447916671875 0.34722222187499996 0.6520833328125 0.34444444375 0.65 0.33703703749999997 0.6348958328125 0.325 0.6276041671875 0.29444444375 0.6182291671875 0.2824074078125 0.6119791671875 0.28055555625 0.6052083328125 0.2953703703125 0.6041666671875 0.3148148140625 0.6067708328125 0.3203703703125 0.6223958328125 0.33148148125 0.628125 0.33148148125
2 0.6411458328124999 0.322222221875 0.6411458328124999 0.32777777812500003 0.6505208328125 0.3361111109375 0.6552083328125 0.34629629687499996 0.6708333328125 0.3574074078125 0.6723958328124999 0.353703703125 0.671875 0.33703703749999997 0.665625 0.32592592656249997 0.6625 0.303703703125 0.6671875 0.284259259375 0.6661458328125 0.2731481484375 0.6505208328125 0.26944444375 0.6411458328124999 0.27777777812500004 0.6432291671875 0.284259259375 0.6401041671875001 0.29444444375 0.6447916671875 0.31759259218749997 0.6411458328124999 0.322222221875
2 0.825 0.23611111093749998 0.8333333328125001 0.2370370375 0.8572916671874999 0.20277777812500003 0.8411458328125001 0.1833333328125 0.8348958328125 0.1916666671875 0.8265625 0.1925925921875 0.8244791671874999 0.2 0.8140625 0.21574074062499998 0.8125 0.2203703703125 0.8182291671874999 0.2296296296875 0.8229166671874999 0.23148148124999998 0.825 0.23611111093749998
2 0.65 0.2518518515625 0.6494791671875 0.24722222187499998 0.6578125 0.2370370375 0.6536458328125 0.22407407343750002 0.6505208328125 0.221296296875 0.6416666671875 0.2203703703125 0.6359375 0.22777777812500002 0.6333333328124999 0.23240740781250002 0.6338541671875 0.24351851875000002 0.6458333328125 0.252777778125 0.65 0.2518518515625
0 0.5114583328125 0.30740740781250003 0.51875 0.3120370375 0.5291666671875 0.3018518515625 0.5333333328125 0.2824074078125 0.5286458328125 0.2675925921875 0.5151041671875001 0.2666666671875 0.5098958328125 0.275 0.5078125 0.2824074078125 0.5098958328125 0.29444444375 0.5078125 0.3 0.5114583328125 0.30740740781250003
0 0.5010416671875 0.7768518515625 0.5046875 0.7916666671875 0.5244791671875 0.7833333328125 0.525 0.7629629625 0.5166666671875 0.7453703703125 0.5171875 0.7361111109375 0.503125 0.7240740734375 0.4984375 0.7240740734375 0.49635416718750003 0.728703703125 0.4921875 0.7546296296875 0.49583333281249997 0.7629629625 0.4953125 0.771296296875 0.5010416671875 0.7768518515625
0 0.5072916671875001 0.2833333328125 0.5020833328125 0.26574074062499997 0.49583333281249997 0.2666666671875 0.48802083281249997 0.2759259265625 0.48645833281249995 0.2870370375 0.48854166718750003 0.290740740625 0.5015625 0.2925925921875 0.5072916671875001 0.2833333328125
0 0.8947916671874999 0.34722222187499996 0.8776041671874999 0.31944444375000003 0.8651041671874999 0.3240740734375 0.8625 0.3333333328125 0.8567708328125001 0.33703703749999997 0.8755208328125 0.36666666718749996 0.8885416671874999 0.3703703703125 0.8942708328125001 0.3620370375 0.8947916671874999 0.34722222187499996
1 0.6010416671875001 0.5879629625 0.6067708328125 0.60648148125 0.6109375 0.603703703125 0.6135416671875 0.6111111109375 0.6348958328125 0.6351851859375001 0.6552083328125 0.672222221875 0.6567708328124999 0.7009259265625001 0.6588541671875 0.702777778125 0.6578125 0.7083333328125 0.6791666671875001 0.75555555625 0.6854166671875 0.7574074078125 0.6932291671875 0.7425925921875 0.6989583328125 0.7388888890625 0.7041666671875 0.7425925921875 0.7171875 0.7416666671875001 0.7239583328125 0.7268518515625 0.7322916671875 0.725 0.7359375 0.7129629625 0.7458333328125 0.709259259375 0.7489583328125 0.69351851875 0.7557291671875 0.6861111109375 0.7515625 0.66944444375 0.7572916671875001 0.6611111109375 0.7583333328124999 0.6518518515625 0.75625 0.6425925921875 0.7510416671875 0.6351851859375001 0.7552083328125 0.61851851875 0.7458333328125 0.5925925921874999 0.7442708328125 0.578703703125 0.7411458328125 0.571296296875 0.7333333328125 0.565740740625 0.7328125 0.5518518515624999 0.7244791671875 0.5425925921875 0.721875 0.5324074078125001 0.7130208328125 0.5268518515625 0.7109375 0.5166666671875 0.6953125 0.5046296296875 0.6932291671875 0.4990740734375 0.671875 0.48518518593750004 0.6385416671875 0.4861111109375 0.6177083328124999 0.5018518515625 0.6088541671875001 0.515740740625 0.6036458328125 0.5175925921875 0.5890625 0.540740740625 0.5895833328125 0.5481481484375 0.5859375 0.5555555562500001 0.5859375 0.5675925921875 0.5927083328125 0.5648148140625 0.6005208328125 0.578703703125 0.6010416671875001 0.5879629625
1 0.5484375 0.5527777781250001 0.55625 0.5620370375 0.5604166671875 0.5611111109375 0.5630208328124999 0.5675925921875 0.5630208328124999 0.5768518515625 0.5677083328125 0.58055555625 0.5833333328125 0.5694444437499999 0.59375 0.5722222218749999 0.5890625 0.5694444437499999 0.5854166671875001 0.5611111109375 0.5885416671875 0.5314814812499999 0.5973958328125 0.5268518515625 0.603125 0.515740740625 0.6104166671875 0.5138888890625 0.61875 0.5 0.6458333328125 0.4824074078125 0.6708333328125 0.4824074078125 0.6739583328125 0.4861111109375 0.6770833328125 0.4796296296875 0.6854166671875 0.477777778125 0.6859375 0.4671296296875 0.6895833328125 0.4546296296875 0.6869791671875001 0.4453703703125 0.6895833328125 0.4388888890625 0.6895833328125 0.43055555625 0.6869791671875001 0.42129629687500003 0.6869791671875001 0.4 0.6817708328125 0.3916666671875 0.6739583328125 0.3879629625 0.671875 0.38333333281250004 0.6729166671875 0.3768518515625 0.66875 0.365740740625 0.6614583328125 0.35925925937500003 0.6375 0.3611111109375 0.6307291671875 0.3574074078125 0.6270833328125 0.3583333328125 0.625 0.3638888890625 0.6104166671875 0.371296296875 0.6026041671875 0.36851851875 0.5927083328125 0.377777778125 0.5864583328124999 0.3768518515625 0.5692708328125 0.3916666671875 0.5661458328125 0.3981481484375 0.5609375 0.40092592656250003 0.5541666671875001 0.41851851875 0.5484375 0.42222222187499997 0.54375 0.4370370375 0.5333333328125 0.44444444375 0.53125 0.45185185156249996 0.5296875 0.4731481484375 0.53125 0.50555555625 0.5427083328125 0.5305555562500001 0.5484375 0.5527777781250001
1 0.7671875 0.640740740625 0.7755208328125 0.6388888890625 0.7791666671875 0.646296296875 0.7994791671875 0.6425925921875 0.8171875 0.63055555625 0.8223958328125001 0.6231481484375 0.8380208328125001 0.6148148140624999 0.85 0.6009259265625 0.8609375 0.578703703125 0.8776041671874999 0.5601851859375 0.878125 0.5527777781250001 0.8744791671875 0.5453703703125 0.884375 0.5259259265625 0.8854166671874999 0.5166666671875 0.8791666671874999 0.497222221875 0.8848958328125001 0.47222222187499996 0.875 0.4620370375 0.8723958328125001 0.45 0.8463541671874999 0.4388888890625 0.8338541671874999 0.44629629687500005 0.8260416671874999 0.4453703703125 0.7776041671875 0.465740740625 0.7677083328125 0.465740740625 0.7572916671875001 0.4768518515625 0.7416666671875001 0.4861111109375 0.7395833328125 0.497222221875 0.728125 0.49629629687500004 0.7166666671875 0.5101851859375001 0.7161458328125 0.5203703703125 0.7489583328125 0.5916666671875 0.7630208328125 0.6370370375000001 0.7671875 0.640740740625
1 0.6473958328125 0.9324074078125 0.646875 0.95 0.6510416671875 0.972222221875 0.6494791671875 0.990740740625 0.646875 0.99351851875 0.6494791671875 0.9953703703125001 0.771875 0.9990740734375001 0.7885416671875001 0.9861111109375 0.7989583328125 0.9675925921875 0.8135416671875 0.915740740625 0.8140625 0.9083333328125001 0.8098958328125001 0.897222221875 0.8104166671874999 0.8824074078124999 0.8046875 0.8740740734375001 0.8010416671874999 0.852777778125 0.7932291671875 0.8425925921875 0.7927083328125 0.828703703125 0.7822916671875 0.81851851875 0.7765625 0.8018518515625 0.7671875 0.796296296875 0.7635416671875 0.7851851859375001 0.7520833328125 0.7768518515625 0.7479166671875 0.765740740625 0.7364583328125 0.7546296296875 0.7213541671875 0.7481481484375 0.7015625 0.753703703125 0.6833333328125 0.7666666671875 0.6791666671875001 0.7787037031249999 0.6822916671875 0.784259259375 0.675 0.79351851875 0.6604166671875 0.8231481484375 0.6549479171875 0.827777778125 0.64375 0.8296296296874999 0.6427083328125 0.8333333328125001 0.6458333328125 0.8416666671874999 0.6395833328125 0.85555555625 0.6390625 0.8879629625 0.6421875 0.9041666671874999 0.6421875 0.91944444375 0.6473958328125 0.9324074078125
1 0.5770833328125 0.9037037031249999 0.58125 0.9111111109375001 0.5807291671875 0.91851851875 0.5875 0.922222221875 0.6005208328125 0.91944444375 0.6229166671875 0.8879629625 0.6354166671875 0.8574074078124999 0.6385416671875 0.83055555625 0.6458333328125 0.8296296296874999 0.6552083328125 0.834259259375 0.6604166671875 0.815740740625 0.6661458328125 0.8120370375 0.6713541671875001 0.8018518515625 0.6755208328125 0.7666666671875 0.6723958328124999 0.7611111109375 0.6723958328124999 0.7518518515625 0.6666666671875 0.73148148125 0.6625 0.728703703125 0.6604166671875 0.7203703703125 0.6567708328124999 0.7175925921874999 0.6510416671875 0.7046296296875 0.6296875 0.6740740734374999 0.6140625 0.6611111109375 0.6072916671875 0.6648148140625 0.5989583328125 0.6583333328125 0.5958333328125 0.6601851859375001 0.59375 0.6666666671875 0.5828125 0.6731481484375 0.5703125 0.703703703125 0.5708333328124999 0.73055555625 0.565625 0.746296296875 0.5651041671875 0.771296296875 0.5671875 0.7851851859375001 0.5640625 0.8509259265625 0.578125 0.896296296875 0.5770833328125 0.9037037031249999
1 0.5713541671875 0.9833333328125 0.5697916671875001 0.9990740734375001 0.6453125 0.9990740734375001 0.6489583328124999 0.99444444375 0.646875 0.9824074078124999 0.6479166671875001 0.9620370375 0.6458333328125 0.93148148125 0.6427083328125 0.9240740734375 0.6369791671875 0.8916666671875 0.6322916671875001 0.8833333328125 0.6260416671875 0.88055555625 0.6239583328125 0.8879629625 0.615625 0.897222221875 0.6109375 0.9083333328125001 0.6020833328124999 0.9175925921875001 0.5682291671875 0.9064814812499999 0.5630208328124999 0.9175925921875001 0.5625 0.934259259375 0.5666666671875 0.9509259265625 0.5661458328125 0.9703703703125001 0.5713541671875 0.9833333328125
1 0.3348958328125 0.9888888890624999 0.3786458328125 0.975 0.4135416671875 0.921296296875 0.4171875 0.9018518515625 0.4234375 0.89444444375 0.4322916671875 0.872222221875 0.4348958328125 0.8462962968750001 0.43333333281249997 0.8379629625 0.44114583281249997 0.821296296875 0.4427083328125 0.8240740734375 0.4447916671875 0.821296296875 0.4505208328125 0.79351851875 0.4427083328125 0.7824074078125001 0.4302083328125 0.7768518515625 0.42604166718750003 0.7666666671875 0.40833333281249995 0.746296296875 0.40520833281249996 0.7388888890625 0.3885416671875 0.7259259265625 0.375 0.728703703125 0.3578125 0.7388888890625 0.35104166718749996 0.753703703125 0.3453125 0.759259259375 0.34375 0.771296296875 0.3369791671875 0.790740740625 0.33645833281250004 0.79444444375 0.3395833328125 0.7981481484375 0.3395833328125 0.80648148125 0.3322916671875 0.8259259265625 0.3307291671875 0.8370370375 0.3260416671875 0.8435185187500001 0.315625 0.9046296296874999 0.3140625 0.9685185187500001 0.3151041671875 0.977777778125 0.321875 0.9898148140625 0.3348958328125 0.9888888890624999
1 0.0817708328125 0.8138888890624999 0.0859375 0.8203703703125 0.0947916671875 0.852777778125 0.1020833328125 0.865740740625 0.1135416671875 0.8703703703125001 0.1421875 0.86944444375 0.1578125 0.8740740734375001 0.16458333281249998 0.8666666671875 0.19375 0.865740740625 0.2026041671875 0.85648148125 0.18802083281249998 0.8425925921875 0.18020833281249998 0.8296296296874999 0.1739583328125 0.8259259265625 0.1572916671875 0.797222221875 0.153125 0.775 0.1447916671875 0.7490740734375 0.1453125 0.74351851875 0.15 0.7388888890625 0.153125 0.728703703125 0.15572916718750002 0.70648148125 0.1552083328125 0.7009259265625001 0.1473958328125 0.6916666671875 0.1244791671875 0.6759259265625001 0.1166666671875 0.6768518515624999 0.11041666718750001 0.6861111109375 0.096875 0.696296296875 0.0895833328125 0.7120370375 0.084375 0.7175925921874999 0.0760416671875 0.7388888890625 0.0734375 0.7675925921875 0.0770833328125 0.7861111109375 0.08125 0.79444444375 0.0817708328125 0.8138888890624999
1 0 0.6074074078125 0.021875 0.58148148125 0.03125 0.5638888890625 0.0369791671875 0.5601851859375 0.055208332812500004 0.5361111109375 0.05989583281250001 0.525 0.05989583281250001 0.5129629625 0.0635416671875 0.5009259265625 0.0614583328125 0.4861111109375 0.0494791671875 0.46388888906250003 0.040625 0.4601851859375 0.0380208328125 0.45370370312499997 0.029166667187500002 0.447222221875 0.0197916671875 0.44907407343749994 0.0135416671875 0.434259259375 0.0067708328125 0.43055555625 0.0026041671875 0.42314814843750004 0 0.42314814843750004 0 0.6074074078125
1 0.08854166718749999 0.4601851859375 0.09114583281250001 0.4611111109375 0.0916666671875 0.4703703703125 0.10625 0.48148148125 0.1432291671875 0.478703703125 0.1505208328125 0.475 0.15 0.4611111109375 0.1572916671875 0.4574074078125 0.1588541671875 0.447222221875 0.153125 0.4268518515625 0.15 0.39351851875 0.1453125 0.3759259265625 0.1390625 0.3583333328125 0.1223958328125 0.3379629625 0.10729166718750001 0.32777777812500003 0.0875 0.33703703749999997 0.0859375 0.3481481484375 0.0791666671875 0.35648148125 0.078125 0.3768518515625 0.075 0.38055555625 0.0744791671875 0.4129629625 0.08125 0.43055555625 0.0791666671875 0.44259259218749997 0.08854166718749999 0.4601851859375
1 0 0.41944444374999995 0.008854167187500001 0.42592592656250006 0.021354167187500002 0.4453703703125 0.0442708328125 0.4611111109375 0.051041667187499994 0.459259259375 0.0640625 0.43981481406249995 0.07291666718749999 0.403703703125 0.0723958328125 0.39444444375 0.0645833328125 0.375 0.0479166671875 0.36851851875 0.0333333328125 0.36944444375 0.021354167187500002 0.384259259375 0.0192708328125 0.3990740734375 0.0171875 0.40092592656250003 0.013020832812499999 0.4018518515625 0 0.39444444375 0 0.41944444374999995
1 0 0.372222221875 0.008854167187500001 0.375 0.013020832812499999 0.3851851859375 0.0166666671875 0.3879629625 0.0385416671875 0.36666666718749996 0.0666666671875 0.372222221875 0.0734375 0.3638888890625 0.0791666671875 0.34351851875 0.08645833281250001 0.33055555625 0.103125 0.31851851875000003 0.10052083281249999 0.3083333328125 0.1020833328125 0.29444444375 0.09635416718749999 0.2851851859375 0.0953125 0.2666666671875 0.0869791671875 0.25740740781250004 0.0859375 0.24814814843750002 0.0744791671875 0.2388888890625 0.0744791671875 0.23240740781250002 0.0645833328125 0.2148148140625 0.0557291671875 0.20555555625 0.0380208328125 0.1981481484375 0.0166666671875 0.2018518515625 0.0046875 0.2101851859375 0 0.2138888890625 0 0.372222221875
1 0.190625 0.315740740625 0.2088541671875 0.3203703703125 0.2109375 0.3148148140625 0.2166666671875 0.3166666671875 0.2182291671875 0.29351851875 0.22135416718749998 0.28148148125 0.23802083281250003 0.26203703749999996 0.2484375 0.2601851859375 0.2588541671875 0.2648148140625 0.2671875 0.284259259375 0.2770833328125 0.271296296875 0.2708333328125 0.259259259375 0.265625 0.25833333281250004 0.215625 0.2203703703125 0.1984375 0.2138888890625 0.184375 0.21296296250000002 0.1734375 0.2148148140625 0.1614583328125 0.22407407343750002 0.1421875 0.24907407343750002 0.1359375 0.2629629625 0.10729166718750001 0.2925925921875 0.1067708328125 0.30740740781250003 0.1119791671875 0.31759259218749997 0.15625 0.3203703703125 0.190625 0.315740740625
1 0.2244791671875 0.36944444375 0.22291666718749997 0.375 0.22395833281250002 0.38333333281250004 0.2192708328125 0.3981481484375 0.21875 0.41203703750000004 0.21979166718749998 0.41944444374999995 0.22395833281250002 0.425 0.2401041671875 0.43333333281249997 0.24895833281250002 0.43240740781250003 0.2588541671875 0.427777778125 0.2625 0.42222222187499997 0.2677083328125 0.42314814843750004 0.275 0.41851851875 0.284375 0.403703703125 0.2869791671875 0.38148148125 0.2854166671875 0.3351851859375 0.2760416671875 0.29444444375 0.2682291671875 0.2870370375 0.2682291671875 0.28055555625 0.2713541671875 0.2740740734375 0.2619791671875 0.2666666671875 0.246875 0.259259259375 0.2270833328125 0.26944444375 0.22395833281250002 0.2740740734375 0.21770833281250002 0.29722222187499997 0.21614583281250002 0.3138888890625 0.21770833281250002 0.322222221875 0.21614583281250002 0.325 0.2114583328125 0.32685185156249996 0.2088541671875 0.321296296875 0.20052083281250002 0.322222221875 0.1953125 0.325 0.1895833328125 0.334259259375 0.1890625 0.340740740625 0.2015625 0.3416666671875 0.22135416718749998 0.3574074078125 0.2244791671875 0.36944444375
1 0.15572916718750002 0.42222222187499997 0.165625 0.42222222187499997 0.1734375 0.4074074078125 0.1854166671875 0.3990740734375 0.2038192703125 0.40092592656250003 0.2166666671875 0.40833333281249995 0.2234375 0.384259259375 0.221875 0.3759259265625 0.2244791671875 0.365740740625 0.21979166718749998 0.3574074078125 0.1994791671875 0.3425925921875 0.1609375 0.3416666671875 0.1427083328125 0.3518518515625 0.14114583281249998 0.3611111109375 0.1510416671875 0.396296296875 0.1541666671875 0.425 0.15572916718750002 0.42222222187499997
1 0.165625 0.5148148140625 0.1729166671875 0.5101851859375001 0.1755208328125 0.4916666671875 0.1807291671875 0.4861111109375 0.2192708328125 0.4768518515625 0.2203125 0.48148148125 0.228125 0.46851851875 0.2296875 0.45370370312499997 0.215625 0.41111111093749997 0.20625 0.4018518515625 0.1848958328125 0.4 0.17135416718750002 0.41203703750000004 0.1703125 0.41944444374999995 0.16458333281249998 0.43055555625 0.1572916671875 0.46296296249999996 0.1458333328125 0.4768518515625 0.1317708328125 0.4824074078125 0.1291666671875 0.48981481406249994 0.13333333281249998 0.497222221875 0.159375 0.5148148140625 0.165625 0.5148148140625
1 0.2552083328125 0.5490740734374999 0.2557291671875 0.54351851875 0.2526041671875 0.5324074078125001 0.2359375 0.502777778125 0.22760416718749998 0.5009259265625 0.2130208328125 0.5101851859375001 0.215625 0.51851851875 0.2338541671875 0.5361111109375 0.2515625 0.5509259265625001 0.2552083328125 0.5490740734374999
1 0.2244791671875 0.627777778125 0.2484375 0.6166666671875001 0.2578125 0.6018518515625 0.2588541671875 0.590740740625 0.2625 0.58148148125 0.253125 0.5620370375 0.22239583281250003 0.5324074078125001 0.2015625 0.5166666671875 0.1822916671875 0.5361111109375 0.1807291671875 0.547222221875 0.18020833281249998 0.575 0.175 0.615740740625 0.1817708328125 0.622222221875 0.2244791671875 0.627777778125
1 0.146875 0.6 0.1640625 0.6175925921875 0.1708333328125 0.6148148140624999 0.1755208328125 0.6009259265625 0.178125 0.5629629625 0.1776041671875 0.540740740625 0.1697916671875 0.51851851875 0.1661458328125 0.51851851875 0.1552083328125 0.5305555562500001 0.1390625 0.5638888890625 0.1328125 0.5870370375 0.134375 0.6 0.1380208328125 0.603703703125 0.146875 0.6
1 0.0953125 0.5481481484375 0.1088541671875 0.5509259265625001 0.1140625 0.54444444375 0.11875 0.54444444375 0.1291666671875 0.5583333328125 0.1390625 0.5574074078125 0.1473958328125 0.540740740625 0.1473958328125 0.527777778125 0.1442708328125 0.5101851859375001 0.1234375 0.49259259218749996 0.1145833328125 0.49259259218749996 0.1109375 0.4888888890625 0.0953125 0.49259259218749996 0.09114583281250001 0.48703703750000005 0.078125 0.49351851875 0.07083333281250001 0.50648148125 0.07083333281250001 0.5388888890625 0.08072916718749999 0.5416666671875 0.0848958328125 0.553703703125 0.0953125 0.5481481484375
1 0.1619791671875 0.7981481484375 0.1640625 0.8083333328125001 0.1765625 0.8259259265625 0.1890625 0.8370370375 0.1942708328125 0.8379629625 0.2046875 0.8509259265625 0.2088541671875 0.8509259265625 0.228125 0.8333333328125001 0.23541666718749998 0.81851851875 0.24583333281250003 0.809259259375 0.25729166718749996 0.7796296296875 0.25833333281250004 0.759259259375 0.2609375 0.7518518515625 0.2609375 0.7324074078125 0.2557291671875 0.6888888890625 0.25234375 0.6888888890625 0.21458333281250003 0.6518518515625 0.2104166671875 0.6518518515625 0.1848958328125 0.6638888890625 0.178125 0.6777777781250001 0.1692708328125 0.678703703125 0.1578125 0.703703703125 0.1546875 0.7254629625 0.1494791671875 0.74351851875 0.14895833281249998 0.7620370375000001 0.1552083328125 0.7666666671875 0.1640625 0.7953703703125 0.1619791671875 0.7981481484375
1 0.2588541671875 0.88055555625 0.2833333328125 0.9037037031249999 0.2911458328125 0.9037037031249999 0.290625 0.8990740734375 0.29375 0.8990740734375 0.2984375 0.890740740625 0.3046875 0.8870370375000001 0.3223958328125 0.85 0.3265625 0.821296296875 0.3255208328125 0.8055555562500001 0.3307291671875 0.790740740625 0.3265625 0.75555555625 0.3171875 0.7453703703125 0.3135416671875 0.7351851859375 0.3 0.7296296296875 0.29635416718749996 0.722222221875 0.2791666671875 0.727777778125 0.2723958328125 0.734259259375 0.2697916671875 0.7398148140624999 0.2645833328125 0.7740740734375 0.2604166671875 0.7851851859375001 0.2510416671875 0.7990740734374999 0.2442708328125 0.8416666671874999 0.24375 0.865740740625 0.2479166671875 0.8898148140625001 0.25052083281250004 0.88055555625 0.2588541671875 0.88055555625
1 0.8182291671874999 0.73148148125 0.809375 0.75 0.8046875 0.75 0.8041666671875 0.75648148125 0.80625 0.76944444375 0.8161458328125001 0.8 0.8421875 0.8231481484375 0.8484375 0.8416666671874999 0.8666666671875 0.852777778125 0.8682291671875 0.86944444375 0.8625 0.8768518515625001 0.8614583328125001 0.9268518515625 0.8692708328125001 0.9296296296875 0.8822916671875 0.91944444375 0.9317708328125001 0.9083333328125001 0.9322916671874999 0.902777778125 0.9354166671874999 0.902777778125 0.9390625 0.896296296875 0.9390625 0.890740740625 0.9317708328125001 0.8759259265624999 0.928125 0.85555555625 0.9213541671875 0.8361111109375001 0.9203125 0.8240740734375 0.9057291671875 0.7833333328125 0.9036458328125001 0.7666666671875 0.8880208328125001 0.7166666671875 0.8869791671874999 0.6861111109375 0.8890625 0.6731481484375 0.8802083328125001 0.6648148140625 0.846875 0.6768518515624999 0.8427083328125 0.68148148125 0.8421875 0.6861111109375 0.8354166671875 0.6888888890625 0.8302083328125001 0.7 0.8307291671874999 0.7166666671875 0.828125 0.7259259265625 0.8182291671874999 0.73148148125
1 0.9473958328125001 0.8574074078124999 0.9640625 0.8175925921875 0.965625 0.7981481484375 0.9619791671875 0.7916666671875 0.9614583328125 0.7824074078125001 0.9427083328125001 0.752777778125 0.9354166671874999 0.7333333328125 0.9244791671874999 0.722222221875 0.9015625 0.7175925921874999 0.8932291671874999 0.7101851859375 0.890625 0.7120370375 0.890625 0.7259259265625 0.9302083328125 0.8574074078124999 0.9354166671874999 0.8620370375 0.9473958328125001 0.8574074078124999
1 0.8067708328125001 0.871296296875 0.8130208328125 0.921296296875 0.8098958328125001 0.9268518515625 0.8078125 0.9453703703125 0.8020833328125001 0.9546296296874999 0.8010416671874999 0.9740740734375001 0.7942708328125 0.9861111109375 0.8104166671874999 0.9870370375 0.821875 0.978703703125 0.8395833328125001 0.940740740625 0.8520833328125 0.9379629625 0.8583333328125 0.9259259265625 0.8630208328125001 0.8546296296874999 0.846875 0.8379629625 0.8401041671874999 0.825 0.8265625 0.8138888890624999 0.821875 0.8129629625 0.8140625 0.81851851875 0.8104166671874999 0.8129629625 0.8015625 0.8129629625 0.7947916671875 0.8379629625 0.7947916671875 0.8416666671874999 0.8020833328125001 0.852777778125 0.8036458328125 0.8666666671875 0.8067708328125001 0.871296296875
1 0.8630208328125001 0.98055555625 0.86875 0.990740740625 0.8723958328125001 0.990740740625 0.8796875 0.9990740734375001 0.984375 0.9990740734375001 0.9869791671874999 0.99444444375 0.9828125 0.98055555625 0.9723958328125001 0.9712962968750001 0.971875 0.953703703125 0.9572916671874999 0.9453703703125 0.9526041671875 0.934259259375 0.9401041671874999 0.9305555562500001 0.9348958328125001 0.921296296875 0.9197916671874999 0.921296296875 0.9114583328125001 0.9175925921875001 0.8869791671874999 0.922222221875 0.8645833328125001 0.9398148140625 0.8520833328125 0.94351851875 0.8510416671875 0.95 0.8583333328125 0.95648148125 0.8598958328125 0.972222221875 0.8630208328125001 0.98055555625
1 0.9505208328125001 0.7546296296875 0.9572916671874999 0.7648148140625 0.9619791671875 0.7787037031249999 0.96875 0.784259259375 0.978125 0.8018518515625 0.9994791671875 0.8194444437499999 0.9994791671875 0.6138888890625 0.9671875 0.615740740625 0.9510416671874999 0.6259259265625 0.9403645828125 0.640740740625 0.9302083328125 0.6453703703125 0.9291666671875 0.6666666671875 0.93125 0.6898148140625 0.9390625 0.722222221875 0.9505208328125001 0.7546296296875
1 0.8328125 0.6925925921875 0.8369791671875 0.6796296296875 0.8453125 0.6740740734374999 0.884375 0.6611111109375 0.8916666671875 0.6731481484375 0.8901041671875 0.6944444437499999 0.8921875 0.702777778125 0.9005208328125001 0.703703703125 0.9072916671875 0.6981481484375001 0.909375 0.6666666671875 0.9067708328125 0.65 0.9104166671874999 0.64351851875 0.9109375 0.634259259375 0.9052083328125 0.6166666671875001 0.9052083328125 0.6018518515625 0.9005208328125001 0.5833333328125 0.8885416671874999 0.5574074078125 0.8776041671874999 0.5629629625 0.8598958328125 0.5833333328125 0.8484375 0.60555555625 0.8125 0.6370370375000001 0.8125 0.6555555562500001 0.821875 0.6925925921875 0.8255208328125001 0.696296296875 0.8328125 0.6925925921875
1 0.8770833328125001 0.45648148125 0.8838541671875 0.46666666718750005 0.8864583328125001 0.47592592656250005 0.8833333328125 0.48981481406249994 0.8880208328125001 0.497222221875 0.9447916671875 0.5370370375 0.9557291671874999 0.5370370375 0.9671875 0.527777778125 0.9833333328125 0.5 0.9838541671875 0.4703703703125 0.9713541671874999 0.4453703703125 0.9567708328125001 0.43981481406249995 0.9557291671874999 0.4268518515625 0.9151041671875 0.3898148140625 0.8916666671875 0.39074074062499997 0.8578125 0.42314814843750004 0.8572916671874999 0.43518518593750005 0.8622395828125 0.4361111109375 0.8755208328125 0.44907407343749994 0.8770833328125001 0.45648148125
1 0.703125 0.32685185156249996 0.7166666671875 0.3620370375 0.7505208328124999 0.40555555625000006 0.7515625 0.41203703750000004 0.7557291671875 0.4166666671875 0.7588541671875 0.3990740734375 0.765625 0.38148148125 0.7677083328125 0.36666666718749996 0.7671875 0.34351851875 0.7609375 0.3231481484375 0.7609375 0.3101851859375 0.7567708328125 0.290740740625 0.7333333328125 0.2518518515625 0.7166666671875 0.23333333281250002 0.7046875 0.22870370312500002 0.6973958328125 0.234259259375 0.6921875 0.2509259265625 0.6911458328125 0.26944444375 0.6994791671875 0.3046296296875 0.6958333328124999 0.3166666671875 0.703125 0.32685185156249996
1 0.74375 0.26944444375 0.7604166671875 0.2898148140625 0.7635416671875 0.3046296296875 0.7682291671875 0.302777778125 0.7765625 0.290740740625 0.7859375 0.28611111093749997 0.7833333328125 0.25555555625 0.7854166671875 0.21574074062499998 0.784375 0.209259259375 0.7765625 0.19537037031249999 0.7651041671875001 0.1898148140625 0.7505208328124999 0.1916666671875 0.7328125 0.20370370312500002 0.7260416671875001 0.21296296250000002 0.7255208328125 0.23055555625 0.7276041671875 0.24351851875000002 0.7359375 0.253703703125 0.74375 0.26944444375
1 0.39791666718749996 0.290740740625 0.40416666718750005 0.303703703125 0.4067708328125 0.296296296875 0.41979166718750005 0.27870370312500004 0.42395833281249995 0.24351851875000002 0.4234375 0.222222221875 0.41979166718750005 0.21203703749999997 0.4125 0.209259259375 0.3953125 0.2166666671875 0.3859375 0.23148148124999998 0.3723958328125 0.24351851875000002 0.3661458328125 0.2601851859375 0.365625 0.2675925921875 0.36875 0.27777777812500004 0.3921875 0.2851851859375 0.39791666718749996 0.290740740625
1 0.5588541671875 0.4046296296875 0.5671875 0.4 0.590625 0.3759259265625 0.5953125 0.3759259265625 0.6072916671875 0.35925925937500003 0.6010416671875001 0.353703703125 0.5947916671875 0.33888888906250003 0.5859375 0.3361111109375 0.5734375 0.33888888906250003 0.55625 0.3574074078125 0.5505208328125 0.3731481484375 0.5489583328125 0.3861111109375 0.5484375 0.4074074078125 0.5526041671875 0.4166666671875 0.5552083328124999 0.415740740625 0.5588541671875 0.4046296296875
1 0.43541666718750005 0.602777778125 0.4526041671875 0.5731481484375001 0.453125 0.5601851859375 0.44114583281249997 0.521296296875 0.4380208328125 0.5175925921875 0.434375 0.5009259265625 0.42291666718750004 0.5046296296875 0.4171875 0.5138888890625 0.41614583281249995 0.54444444375 0.4234375 0.5851851859375 0.428125 0.602777778125 0.43541666718750005 0.602777778125
1 0.1796875 0.9990740734375001 0.1807291671875 0.9953703703125001 0.17916666718750002 0.9824074078124999 0.1822916671875 0.953703703125 0.18125 0.9398148140625 0.1734375 0.93148148125 0.1671875 0.9379629625 0.153125 0.9333333328125001 0.14791666718750002 0.9268518515625 0.14375 0.9074074078125 0.1385416671875 0.9018518515625 0.134375 0.9018518515625 0.1302083328125 0.896296296875 0.11145833281249999 0.8851851859375 0.090625 0.884259259375 0.0666666671875 0.9074074078125 0.06302083281250001 0.915740740625 0.0635416671875 0.9666666671874999 0.05989583281250001 0.99351851875 0.061979167187499996 0.9990740734375001 0.1796875 0.9990740734375001
1 0 0.9990740734375001 0.055208332812500004 0.9990740734375001 0.061979167187499996 0.9759259265625 0.059375 0.9018518515625 0.05625 0.9009259265624999 0.053125 0.8916666671875 0.0223958328125 0.8990740734375 0.009375 0.8981481484374999 0 0.902777778125 0 0.9990740734375001
1 0.3140625 0.9953703703125001 0.315625 0.9898148140625 0.3140625 0.95069444375 0.3166666671875 0.9277777781250001 0.309375 0.8981481484374999 0.3057291671875 0.8953703703125001 0.2901041671875 0.909259259375 0.2802083328125 0.9111111109375001 0.2557291671875 0.8916666671875 0.25052083281250004 0.8916666671875 0.24739583281250002 0.9074074078125 0.2479166671875 0.9175925921875001 0.24375 0.9268518515625 0.24322916718749998 0.95648148125 0.2515625 0.9990740734375001 0.31197916718749996 0.9990740734375001 0.3140625 0.9953703703125001
1 0.44427083281249996 0.9824074078124999 0.44635416718750004 0.9851851859374999 0.475 0.9851851859374999 0.478125 0.9824074078124999 0.5072916671875001 0.902777778125 0.5088541671875 0.8861111109375001 0.49791666718750005 0.85 0.4859375 0.83148148125 0.465625 0.872222221875 0.4640625 0.88055555625 0.4578125 0.884259259375 0.4427083328125 0.915740740625 0.4380208328125 0.9444444437499999 0.4401041671875 0.952777778125 0.4401041671875 0.9685185187500001 0.44427083281249996 0.9824074078124999
1 0.3890625 0.725 0.40416666718750005 0.7361111109375 0.41510416718750004 0.7490740734375 0.42604166718750003 0.7398148140624999 0.42604166718750003 0.73148148125 0.43072916718750004 0.7185185187500001 0.43333333281249997 0.684259259375 0.43177083281249995 0.6361111109375 0.4291666671875 0.63148148125 0.415625 0.5555555562500001 0.4078125 0.553703703125 0.40625 0.5601851859375 0.39895833281250004 0.5638888890625 0.39895833281250004 0.56851851875 0.3927083328125 0.5759259265625001 0.3880208328125 0.603703703125 0.3828125 0.6083333328125 0.3807291671875 0.615740740625 0.3708333328125 0.6296296296875 0.3671875 0.6509259265625 0.36770833281250004 0.7240740734375 0.3713541671875 0.7268518515625 0.3890625 0.725
1 0.3177083328125 0.46851851875 0.3244791671875 0.440740740625 0.3328125 0.42222222187499997 0.3333333328125 0.415740740625 0.3302083328125 0.40648148125 0.3265625 0.40092592656250003 0.31302083281250004 0.397222221875 0.29739583281250004 0.4 0.2901041671875 0.40555555625000006 0.28958333281250004 0.4148148140625 0.2958333328125 0.4268518515625 0.3072916671875 0.465740740625 0.3177083328125 0.46851851875
1 0.7578125 0.775 0.7703125 0.79351851875 0.7791666671875 0.8 0.7869791671875 0.8175925921875 0.7947916671875 0.8203703703125 0.796875 0.8111111109375001 0.8088541671874999 0.803703703125 0.8 0.7833333328125 0.7963541671875001 0.7666666671875 0.7973958328124999 0.7601851859375001 0.8041666671875 0.740740740625 0.8119791671875 0.7370370375 0.8182291671874999 0.7231481484375 0.8229166671874999 0.7203703703125 0.8260416671874999 0.7046296296875 0.8145833328125001 0.675 0.8114583328125 0.6777777781250001 0.8041666671875 0.675 0.7994791671875 0.665740740625 0.78125 0.6555555562500001 0.7671875 0.6574074078125001 0.7614583328125 0.68148148125 0.7630208328125 0.7009259265625001 0.7578125 0.727777778125 0.7604166671875 0.76851851875 0.7578125 0.775
1 0.9380208328125 0.6240740734375 0.9463541671875 0.625 0.9614583328125 0.6148148140624999 0.9822916671874999 0.6111111109375 0.9854166671875 0.6046296296875 0.9921875 0.5990740734375 0.9942708328125001 0.6009259265625 0.9994791671875 0.5925925921874999 0.9994791671875 0.5666666671875 0.9953125 0.5601851859375 0.9869791671874999 0.5555555562500001 0.9791666671874999 0.540740740625 0.9692708328125 0.534259259375 0.95 0.54444444375 0.921875 0.5453703703125 0.9182291671874999 0.55 0.9177083328125001 0.55648148125 0.921875 0.56851851875 0.928125 0.602777778125 0.9380208328125 0.6240740734375
1 0.8963541671874999 0.36851851875 0.8947916671874999 0.3740740734375 0.8963541671874999 0.3888888890625 0.903125 0.39074074062499997 0.9390625 0.42314814843750004 0.9557291671874999 0.42129629687500003 0.9572916671874999 0.4148148140625 0.9625 0.41203703750000004 0.965625 0.4018518515625 0.971875 0.3953703703125 0.9854166671875 0.3638888890625 0.9994791671875 0.3620370375 0.9994791671875 0.3046296296875 0.9833333328125 0.290740740625 0.9760416671875 0.2916666671875 0.96875 0.2870370375 0.9458333328125 0.28796296250000003 0.9145833328125 0.309259259375 0.8984375 0.340740740625 0.9046875 0.3490740734375 0.9057291671875 0.3546296296875 0.9015625 0.365740740625 0.8963541671874999 0.36851851875
1 0.8244791671874999 0.31851851875000003 0.8270833328125 0.321296296875 0.8375 0.32777777812500003 0.8572916671874999 0.328703703125 0.8630208328125001 0.31851851875000003 0.8895833328125 0.3101851859375 0.8901041671875 0.28796296250000003 0.8859375 0.28148148125 0.8729166671874999 0.2740740734375 0.8635416671874999 0.2638888890625 0.859375 0.25 0.8473958328125001 0.253703703125 0.803125 0.221296296875 0.79375 0.21944444375 0.7895833328124999 0.22314814843750003 0.7864583328125 0.23148148124999998 0.784375 0.2638888890625 0.7869791671875 0.2731481484375 0.821875 0.3046296296875 0.8244791671874999 0.31851851875000003
1 0.940625 0.2870370375 0.95 0.2833333328125 0.978125 0.2898148140625 0.9854166671875 0.28796296250000003 0.9994791671875 0.2759259265625 0.9994791671875 0.196296296875 0.9901041671874999 0.196296296875 0.9744791671874999 0.2101851859375 0.9588541671874999 0.2138888890625 0.9401041671874999 0.23055555625 0.9234375 0.23055555625 0.9161458328125001 0.2370370375 0.9078125 0.23148148124999998 0.8958333328125001 0.23055555625 0.8895833328125 0.23518518593749999 0.8651041671874999 0.2416666671875 0.8619791671874999 0.24722222187499998 0.8515625 0.253703703125 0.8885416671874999 0.2888888890625 0.9010416671874999 0.3046296296875 0.9161458328125001 0.30648148124999997 0.940625 0.2870370375
1 0.9390625 0.2009259265625 0.978125 0.20740740781250003 0.9895833328125001 0.19537037031249999 0.9994791671875 0.19444444375 0.9994791671875 0.1453703703125 0.9890625 0.13888888906250002 0.9729166671874999 0.1379629625 0.9604166671875 0.12870370312499999 0.9463541671875 0.1324074078125 0.928125 0.15 0.9244791671874999 0.1611111109375 0.9255208328125001 0.172222221875 0.9234375 0.1851851859375 0.9270833328125001 0.1925925921875 0.9390625 0.2009259265625
1 0.5458333328125 0.3953703703125 0.5463541671875001 0.372222221875 0.5442708328125 0.36851851875 0.5432291671875 0.353703703125 0.5369791671875 0.3361111109375 0.5296875 0.32777777812500003 0.5177083328125 0.322222221875 0.5052083328125 0.322222221875 0.5 0.32592592656249997 0.5 0.3453703703125 0.509375 0.3518518515625 0.540625 0.3990740734375 0.5458333328125 0.3953703703125
1 0.21614583281250002 0.99351851875 0.2130208328125 0.977777778125 0.196875 0.9398148140625 0.1921875 0.9370370375 0.1848958328125 0.9453703703125 0.1833333328125 0.9509259265625 0.18125 0.9824074078124999 0.1848958328125 0.9990740734375001 0.21510416718749997 0.9990740734375001 0.21614583281250002 0.99351851875
1 0.5640625 0.9731481484375 0.5651041671875 0.953703703125 0.5604166671875 0.9361111109375001 0.5692708328125 0.88055555625 0.5640625 0.8611111109375 0.5619791671875001 0.8611111109375 0.5526041671875 0.8435185187500001 0.5489583328125 0.8444444437499999 0.5416666671875 0.8675925921875001 0.5369791671875 0.9074074078125 0.5302083328125 0.934259259375 0.5296875 0.94351851875 0.5338541671875 0.9703703703125001 0.540625 0.975 0.5640625 0.9731481484375
1 0.5510416671875 0.852777778125 0.5609375 0.865740740625 0.5651041671875 0.865740740625 0.56875 0.79444444375 0.5640625 0.7768518515625 0.5635416671875 0.7523148140625 0.5697916671875001 0.728703703125 0.5677083328125 0.7018518515625 0.5614583328125 0.6870370375 0.5557291671875 0.6851851859375 0.5166666671875 0.7203703703125 0.5171875 0.7453703703125 0.5390625 0.815740740625 0.5484375 0.8379629625 0.5510416671875 0.852777778125