2 0.8848958328125001 0.76944444375 0.8885416671874999 0.7666666671875 0.8921875 0.75555555625 0.8890625 0.74351851875 0.8765625 0.73148148125 0.8640625 0.727777778125 0.8578125 0.7361111109375 0.85625 0.7490740734375 0.8635416671874999 0.7666666671875 0.86875 0.771296296875 0.8848958328125001 0.76944444375
2 0.6135416671875 0.134259259375 0.6166666671875001 0.12222222187500001 0.6151041671875 0.1129629625 0.6109375 0.1111111109375 0.6026041671875 0.1148148140625 0.6005208328125 0.11851851875 0.6015625 0.134259259375 0.6057291671875 0.1379629625 0.6135416671875 0.134259259375
2 0.6734375 0.2518518515625 0.6739583328125 0.24722222187499998 0.6682291671875 0.23333333281250002 0.6598958328125 0.23148148124999998 0.653125 0.23611111093749998 0.6515625 0.24351851875000002 0.6578125 0.259259259375 0.6619791671875 0.2601851859375 0.6734375 0.2518518515625
2 0.0369791671875 0.40277777812500004 0.040625 0.396296296875 0.0380208328125 0.3898148140625 0.0390625 0.38703703749999996 0.0494791671875 0.3740740734375 0.0390625 0.34444444375 0.0286458328125 0.3453703703125 0.021354167187500002 0.353703703125 0.0192708328125 0.3648148140625 0.010416667187500001 0.36944444375 0.0098958328125 0.3731481484375 0.0203125 0.39074074062499997 0.03359375 0.3958333328125 0.0369791671875 0.40277777812500004
0 0.3307291671875 0.7083333328125 0.33541666718749996 0.7194444437499999 0.334375 0.728703703125 0.3453125 0.75 0.3536458328125 0.7481481484375 0.35625 0.7370370375 0.3671875 0.7333333328125 0.36875 0.7240740734375 0.3630208328125 0.6759259265625001 0.3614583328125 0.6731481484375 0.35625 0.6740740734374999 0.353125 0.665740740625 0.3380208328125 0.6731481484375 0.33541666718749996 0.684259259375 0.3307291671875 0.6888888890625 0.3322916671875 0.6990740734374999 0.3307291671875 0.7083333328125
0 0.4125 0.634259259375 0.4125 0.6259259265625 0.4067708328125 0.60648148125 0.396875 0.590740740625 0.3921875 0.5935185187500001 0.3791666671875 0.6175925921875 0.3802083328125 0.6324074078125 0.4 0.6509259265625 0.4067708328125 0.646296296875 0.4125 0.634259259375
0 0.8791666671874999 0.852777778125 0.8880208328125001 0.8638888890624999 0.8901041671875 0.8620370375 0.8953125 0.8740740734375001 0.8927083328125001 0.88055555625 0.9036458328125001 0.896296296875 0.909375 0.8953703703125001 0.9197916671874999 0.9037037031249999 0.93125 0.8990740734375 0.9348958328125001 0.8861111109375001 0.9395833328125001 0.8888888890625 0.9427083328125001 0.884259259375 0.94375 0.86851851875 0.9401041671874999 0.8583333328125 0.94375 0.8379629625 0.934375 0.83055555625 0.9322916671874999 0.8148148140625 0.9276041671874999 0.809259259375 0.9192708328125001 0.8101851859375 0.9151041671875 0.81851851875 0.9114583328125001 0.8203703703125 0.9041666671874999 0.81851851875 0.8807291671874999 0.8231481484375 0.8791666671874999 0.8259259265625 0.8869791671874999 0.8379629625 0.8875 0.8435185187500001 0.8791666671874999 0.852777778125
0 0.9036458328125001 0.25740740781250004 0.9119791671874999 0.2518518515625 0.9197916671874999 0.246296296875 0.9229166671875 0.2398148140625 0.9239583328125001 0.2203703703125 0.9171875 0.2138888890625 0.9161458328125001 0.20370370312500002 0.9041666671874999 0.2018518515625 0.8895833328125 0.21944444375 0.8916666671875 0.2398148140625 0.8984375 0.24722222187499998 0.9 0.25555555625 0.9036458328125001 0.25740740781250004
0 0.7395833328125 0.259259259375 0.7401041671875 0.2509259265625 0.7338541671875001 0.2388888890625 0.7239583328125 0.234259259375 0.7192708328124999 0.24259259218749998 0.7182291671875001 0.24814814843750002 0.725 0.259259259375 0.7359375 0.2648148140625 0.7395833328125 0.259259259375
0 0.640625 0.2175925921875 0.634375 0.2009259265625 0.63125 0.1990740734375 0.6234375 0.20277777812500003 0.6145833328125 0.2018518515625 0.6098958328124999 0.20833333281250002 0.6104166671875 0.2259259265625 0.6177083328124999 0.23240740781250002 0.6348958328125 0.22870370312500002 0.640625 0.2175925921875
0 0.5348958328125 0.209259259375 0.5359375 0.196296296875 0.5322916671875 0.1870370375 0.5244791671875 0.1879629625 0.5197916671875 0.1916666671875 0.5119791671875 0.209259259375 0.5130208328125 0.2296296296875 0.5192708328125 0.23333333281250002 0.5302083328125 0.22314814843750003 0.5348958328125 0.209259259375
0 0.584375 0.1888888890625 0.5729166671875 0.1759259265625 0.5619791671875001 0.1870370375 0.5625 0.2046296296875 0.5713541671875 0.21203703749999997 0.575 0.2101851859375 0.584375 0.1888888890625
0 0.7838541671875 0.2046296296875 0.7796875 0.2 0.7630208328125 0.2 0.7661458328124999 0.21944444375 0.7713541671875 0.21296296250000002 0.7791666671875 0.21296296250000002 0.7838541671875 0.2046296296875
0 0.6078125 0.1703703703125 0.5958333328125 0.15370370312499998 0.5916666671875 0.1546296296875 0.5890625 0.1611111109375 0.5875 0.18055555625 0.5942708328124999 0.190740740625 0.6010416671875001 0.1851851859375 0.6078125 0.1703703703125
2 0.5640625 0.24351851875000002 0.5729166671875 0.22870370312500002 0.5734375 0.22314814843750003 0.5630208328124999 0.209259259375 0.5598958328125 0.20833333281250002 0.55625 0.2138888890625 0.5520833328125 0.23148148124999998 0.5520833328125 0.23518518593749999 0.55625 0.2398148140625 0.5640625 0.24351851875000002
2 0.759375 0.36759259218749996 0.7671875 0.3546296296875 0.7661458328124999 0.3453703703125 0.7625 0.34351851875 0.75625 0.33148148125 0.7515625 0.3111111109375 0.7479166671875 0.3138888890625 0.7416666671875001 0.33703703749999997 0.740625 0.352777778125 0.7427083328124999 0.3620370375 0.7489583328125 0.371296296875 0.759375 0.36759259218749996
2 0.9197916671874999 0.9638888890624999 0.9244791671874999 0.9740740734375001 0.93125 0.9740740734375001 0.9348958328125001 0.9685185187500001 0.9395833328125001 0.9712962968750001 0.9455729171874999 0.9601851859374999 0.9505208328125001 0.9583333328125001 0.9385416671875 0.9324074078125 0.9276041671874999 0.922222221875 0.9135416671875 0.91944444375 0.9083333328125001 0.9305555562500001 0.9020833328125001 0.9351851859375 0.9005208328125001 0.9416666671874999 0.9083333328125001 0.9472222218749999 0.9114583328125001 0.9666666671874999 0.9197916671874999 0.9638888890624999
1 0.5015625 0.8703703703125001 0.5098958328125 0.8861111109375001 0.5182291671875 0.89351851875 0.5244791671875 0.8898148140625001 0.5328125 0.8916666671875 0.5401041671875 0.88148148125 0.5432291671875 0.884259259375 0.5453125 0.896296296875 0.5432291671875 0.9018518515625 0.5427083328125 0.9268518515625 0.5552083328124999 0.9740740734375001 0.5609375 0.98148148125 0.5619791671875001 0.9953703703125001 0.578125 0.9990740734375001 0.6328125 0.996296296875 0.6369791671875 0.9861111109375 0.646875 0.9796296296874999 0.6546875 0.95555555625 0.6546875 0.940740740625 0.6578125 0.928703703125 0.6572916671875 0.915740740625 0.6526041671875 0.9009259265624999 0.6546875 0.8759259265624999 0.6567708328124999 0.872222221875 0.6510416671875 0.8546296296874999 0.6494791671875 0.8259259265625 0.6395833328125 0.7981481484375 0.6390625 0.790740740625 0.6234375 0.7768518515625 0.6161458328125 0.759259259375 0.6052083328125 0.7546296296875 0.5973958328125 0.747222221875 0.59375 0.7388888890625 0.5786458328124999 0.73148148125 0.5760416671875 0.725 0.5526041671875 0.7240740734375 0.540625 0.73055555625 0.5213541671875 0.7509259265625 0.5005208328124999 0.7879629625 0.4953125 0.8074074078125 0.4953125 0.81851851875 0.49583333281249997 0.8351851859374999 0.5015625 0.8703703703125001
1 0.3880208328125 0.9601851859374999 0.39375 0.9638888890624999 0.3994791671875 0.98148148125 0.4046875 0.9851851859374999 0.40729166718750004 0.9953703703125001 0.41875 0.9990740734375001 0.5494791671875 0.9990740734375001 0.553125 0.99351851875 0.55 0.98055555625 0.5484375 0.95648148125 0.5447916671875 0.952777778125 0.5369791671875 0.9055555562500001 0.5328125 0.902777778125 0.5302083328125 0.9064814812499999 0.5088541671875 0.8888888890625 0.5005208328124999 0.8740740734375001 0.49895833281249996 0.85648148125 0.49427083281249995 0.8370370375 0.49427083281249995 0.8222222218749999 0.490625 0.8138888890624999 0.478125 0.8009259265625 0.45416666718750004 0.7953703703125 0.446875 0.796296296875 0.4369791671875 0.8046296296875 0.4270833328125 0.8046296296875 0.39895833281250004 0.8370370375 0.396875 0.847222221875 0.3895833328125 0.852777778125 0.3885416671875 0.859259259375 0.3828125 0.86851851875 0.3765625 0.890740740625 0.378125 0.9370370375 0.38229166718749996 0.9509259265625 0.3880208328125 0.9601851859374999
1 0 0.8120370375 0.013020832812499999 0.8101851859375 0.0375 0.796296296875 0.0671875 0.775 0.0828125 0.75648148125 0.10052083281249999 0.7268518515625 0.1359375 0.646296296875 0.1385416671875 0.6351851859375001 0.1369791671875 0.6259259265625 0.12291666718750001 0.61851851875 0.084375 0.622222221875 0.08072916718749999 0.61944444375 0.0760416671875 0.60648148125 0.0473958328125 0.584259259375 0.0416666671875 0.5759259265625001 0.0328125 0.5768518515625 0.028125 0.5722222218749999 0.0151041671875 0.5796296296875 0.0166666671875 0.5870370375 0.0140625 0.5935185187500001 0 0.6 0 0.8120370375
1 0.0484375 0.5768518515625 0.0536458328125 0.5833333328125 0.0739583328125 0.6 0.0822916671875 0.6148148140624999 0.0895833328125 0.61851851875 0.103125 0.615740740625 0.1578125 0.61851851875 0.16354166718750002 0.6083333328125 0.1640625 0.597222221875 0.1692708328125 0.58148148125 0.19375 0.534259259375 0.190625 0.5231481484375 0.1973958328125 0.5138888890625 0.20052083281250002 0.4990740734375 0.1989583328125 0.4916666671875 0.1916666671875 0.4861111109375 0.190625 0.478703703125 0.1854166671875 0.46851851875 0.1604166671875 0.45 0.1463541671875 0.42129629687500003 0.140625 0.415740740625 0.128125 0.4166666671875 0.11510416718750001 0.40648148125 0.10052083281249999 0.4046296296875 0.07552083281250001 0.40555555625000006 0.0645833328125 0.4148148140625 0.0578125 0.427777778125 0.05625 0.425 0.05208333281250001 0.43055555625 0.0447916671875 0.4453703703125 0.040625 0.4731481484375 0.0322916671875 0.48518518593750004 0.029166667187500002 0.5129629625 0.0354166671875 0.5518518515624999 0.0463541671875 0.5666666671875 0.0484375 0.5768518515625
1 0.11822916718750001 0.7703703703125 0.1302083328125 0.775 0.1421875 0.772222221875 0.1494791671875 0.7666666671875 0.1578125 0.7666666671875 0.178125 0.7574074078125 0.184375 0.7509259265625 0.1854166671875 0.73148148125 0.20052083281250002 0.7 0.203125 0.6805555562500001 0.2088541671875 0.665740740625 0.22239583281250003 0.5916666671875 0.225 0.5722222218749999 0.225 0.5509259265625001 0.221875 0.5324074078125001 0.21197916718749998 0.5268518515625 0.209375 0.521296296875 0.196875 0.5166666671875 0.1901041671875 0.522222221875 0.1833333328125 0.540740740625 0.1729166671875 0.5481481484375 0.171875 0.5611111109375 0.1682291671875 0.5675925921875 0.1666666671875 0.590740740625 0.1640625 0.5953703703125 0.16354166718750002 0.6046296296875 0.134375 0.6537037031249999 0.1135416671875 0.7009259265625001 0.11510416718750001 0.70555555625 0.10729166718750001 0.7148148140624999 0.1010416671875 0.7296296296875 0.103125 0.747222221875 0.109375 0.7518518515625 0.1078125 0.759259259375 0.11822916718750001 0.7703703703125
1 0.2671875 0.5768518515625 0.271875 0.571296296875 0.2932291671875 0.571296296875 0.2942708328125 0.5925925921874999 0.29739583281250004 0.60648148125 0.3098958328125 0.60648148125 0.3458333328125 0.5601851859375 0.3541666671875 0.54444444375 0.3630208328125 0.509259259375 0.3614583328125 0.497222221875 0.3625 0.48148148125 0.359375 0.46944444374999994 0.35208333281250004 0.4620370375 0.3463541671875 0.4611111109375 0.3416666671875 0.4546296296875 0.3375 0.4546296296875 0.315625 0.4388888890625 0.3010416671875 0.4388888890625 0.2880208328125 0.4509259265625 0.2859375 0.4675925921875 0.2744791671875 0.4861111109375 0.2723958328125 0.4981481484375 0.2671875 0.502777778125 0.2625 0.5240740734375 0.2614583328125 0.565740740625 0.2635416671875 0.571296296875 0.2666666671875 0.571296296875 0.2671875 0.5768518515625
1 0.2479166671875 0.7388888890625 0.2536458328125 0.715740740625 0.2786458328125 0.690740740625 0.2921875 0.6916666671875 0.2979166671875 0.6851851859375 0.3005208328125 0.6731481484375 0.2989583328125 0.6583333328125 0.3005208328125 0.65 0.2953125 0.6120370375 0.2708333328125 0.6083333328125 0.240625 0.5944444437499999 0.225 0.5981481484375 0.21770833281250002 0.621296296875 0.21614583281250002 0.634259259375 0.21770833281250002 0.64444444375 0.203125 0.6953703703125 0.2026041671875 0.7083333328125 0.2104166671875 0.7259259265625 0.228125 0.740740740625 0.2479166671875 0.7388888890625
1 0.2697916671875 0.6 0.2713541671875 0.597222221875 0.2703125 0.5888888890625 0.2614583328125 0.5666666671875 0.2619791671875 0.5314814812499999 0.2677083328125 0.5009259265625 0.284375 0.46851851875 0.2864583328125 0.4620370375 0.2854166671875 0.4546296296875 0.2786458328125 0.45185185156249996 0.27291666718749996 0.4601851859375 0.2666666671875 0.4611111109375 0.2510416671875 0.48148148125 0.2453125 0.4953703703125 0.2401041671875 0.4981481484375 0.2270833328125 0.5398148140625 0.228125 0.5759259265625001 0.24479166718749998 0.5925925921874999 0.2619791671875 0.603703703125 0.2697916671875 0.6
1 0.2208333328125 0.4703703703125 0.265625 0.4268518515625 0.26875 0.41944444374999995 0.2630208328125 0.4046296296875 0.2557291671875 0.40277777812500004 0.2526041671875 0.396296296875 0.2453125 0.3953703703125 0.2203125 0.3759259265625 0.18697916718750002 0.39074074062499997 0.18125 0.3898148140625 0.1729166671875 0.4 0.16354166718750002 0.42314814843750004 0.1625 0.43518518593750005 0.1661458328125 0.4509259265625 0.2052083328125 0.4796296296875 0.2208333328125 0.4703703703125
1 0.2270833328125 0.3796296296875 0.2671875 0.4129629625 0.2703125 0.4203703703125 0.2723958328125 0.41944444374999995 0.2755208328125 0.4129629625 0.2828125 0.3768518515625 0.2755208328125 0.33703703749999997 0.25625 0.3148148140625 0.2401041671875 0.3231481484375 0.2286458328125 0.3351851859375 0.2234375 0.3546296296875 0.2182291671875 0.352777778125 0.22135416718749998 0.35648148125 0.2270833328125 0.3796296296875
1 0.1458333328125 0.40648148125 0.1505208328125 0.40277777812500004 0.1604166671875 0.40277777812500004 0.165625 0.41203703750000004 0.1666666671875 0.40648148125 0.1760416671875 0.3916666671875 0.1755208328125 0.377777778125 0.1786458328125 0.35925925937500003 0.1885416671875 0.3518518515625 0.196875 0.3518518515625 0.20572916718749998 0.3574074078125 0.2052083328125 0.353703703125 0.19583333281249998 0.34444444375 0.1916666671875 0.3296296296875 0.1895833328125 0.328703703125 0.175 0.3296296296875 0.1583333328125 0.34351851875 0.1510416671875 0.34629629687499996 0.1458333328125 0.34351851875 0.1427083328125 0.34722222187499996 0.1427083328125 0.3648148140625 0.1359375 0.384259259375 0.1375 0.3925925921875 0.1458333328125 0.40648148125
1 0 0.47222222187499996 0.009375 0.48981481406249994 0.021354167187500002 0.502777778125 0.025520832812499998 0.5018518515625 0.0276041671875 0.4981481484375 0.0296875 0.4796296296875 0.0359375 0.47407407343749997 0.0515625 0.4175925921875 0.055208332812500004 0.41203703750000004 0.0463541671875 0.3981481484375 0.0411458328125 0.3990740734375 0.0369791671875 0.4074074078125 0.0286458328125 0.41111111093749997 0.0203125 0.42592592656250006 0.009375 0.4379629625 0.0083333328125 0.44444444375 0.0036458328125000003 0.4509259265625 0 0.4620370375 0 0.47222222187499996
1 0 0.9990740734375001 0.0973958328125 0.9990740734375001 0.0994791671875 0.99351851875 0.1052083328125 0.897222221875 0.1088541671875 0.8759259265624999 0.1130208328125 0.871296296875 0.1197916671875 0.852777778125 0.1135416671875 0.8453703703125001 0.10729166718750001 0.8574074078124999 0.0692708328125 0.853703703125 0.0609375 0.847222221875 0.060416667187499995 0.840740740625 0.0317708328125 0.8231481484375 0.0270833328125 0.8138888890624999 0.007291667187500001 0.8138888890624999 0 0.8166666671874999 0 0.9990740734375001
1 0.22239583281250003 0.99444444375 0.21979166718749998 0.9648148140625 0.2234375 0.9425925921875 0.22239583281250003 0.9231481484374999 0.2260416671875 0.9055555562500001 0.2260416671875 0.8833333328125 0.2208333328125 0.872222221875 0.2182291671875 0.8620370375 0.21979166718749998 0.8574074078124999 0.21614583281250002 0.85 0.1494791671875 0.8009259265625 0.125 0.8453703703125001 0.12395833281249999 0.8611111109375 0.121875 0.865740740625 0.11875 0.8638888890624999 0.1109375 0.8796296296874999 0.1020833328125 0.9601851859374999 0.1010416671875 0.99351851875 0.1109375 0.9990740734375001 0.21979166718749998 0.9990740734375001 0.22239583281250003 0.99444444375
1 0.08333333281250001 0.8444444437499999 0.10729166718750001 0.8379629625 0.1177083328125 0.8416666671874999 0.1265625 0.8398148140625 0.1328125 0.8268518515625001 0.1354166671875 0.8027777781250001 0.134375 0.7898148140625 0.1270833328125 0.7768518515625 0.11875 0.775 0.0916666671875 0.75648148125 0.0869791671875 0.75648148125 0.0703125 0.775 0.0395833328125 0.7981481484375 0.0385416671875 0.8027777781250001 0.0473958328125 0.8296296296874999 0.0640625 0.8416666671874999 0.08333333281250001 0.8444444437499999
1 0.265625 0.9990740734375001 0.3505208328125 0.9990740734375001 0.3546875 0.99351851875 0.3567708328125 0.9851851859374999 0.3494791671875 0.9611111109375001 0.3546875 0.940740740625 0.3546875 0.9046296296874999 0.3411458328125 0.8444444437499999 0.3375 0.8453703703125001 0.3229166671875 0.8333333328125001 0.2932291671875 0.8268518515625001 0.26875 0.8333333328125001 0.25729166718749996 0.852777778125 0.2609375 0.8731481484374999 0.25833333281250004 0.890740740625 0.25833333281250004 0.95 0.265625 0.9990740734375001
1 0.25052083281250004 0.8129629625 0.2479166671875 0.8101851859375 0.24635416718749997 0.8175925921875 0.2588541671875 0.8333333328125001 0.2979166671875 0.8240740734375 0.3083333328125 0.8138888890624999 0.30416666718749996 0.8111111109375001 0.2989583328125 0.7916666671875 0.3015625 0.7759259265625 0.3057291671875 0.76944444375 0.2927083328125 0.7231481484375 0.2927083328125 0.7129629625 0.2869791671875 0.703703703125 0.2828125 0.7046296296875 0.2822916671875 0.7101851859375 0.2760416671875 0.7148148140624999 0.2677083328125 0.7083333328125 0.2609375 0.7111111109375 0.253125 0.740740740625 0.2453125 0.7481481484375 0.24114583281250002 0.7703703703125 0.23958333281250002 0.7870370375 0.2520833328125 0.8009259265625 0.2536458328125 0.8074074078125 0.25052083281250004 0.8129629625
1 0.2182291671875 0.8481481484375 0.228125 0.8583333328125 0.2359375 0.859259259375 0.23854166718749997 0.8453703703125001 0.24479166718749998 0.840740740625 0.24635416718749997 0.825 0.24322916718749998 0.8148148140625 0.24739583281250002 0.803703703125 0.246875 0.8 0.23958333281250002 0.790740740625 0.23802083281250003 0.771296296875 0.23020833281250003 0.7481481484375 0.2130208328125 0.7324074078125 0.20416666718749998 0.7481481484375 0.1927083328125 0.75 0.178125 0.7629629625 0.1494791671875 0.775 0.1463541671875 0.7787037031249999 0.1572916671875 0.80648148125 0.20416666718749998 0.8416666671874999 0.2182291671875 0.8481481484375
1 0.44895833281249997 0.5601851859375 0.45 0.5509259265625001 0.44739583281249995 0.5398148140625 0.446875 0.5231481484375 0.45104166718750005 0.5009259265625 0.45677083281249997 0.4861111109375 0.45104166718750005 0.4768518515625 0.43958333281249995 0.46944444374999994 0.4036458328125 0.4601851859375 0.396875 0.46666666718750005 0.3864583328125 0.4703703703125 0.375 0.48981481406249994 0.3734375 0.4981481484375 0.3770833328125 0.5296296296875 0.3963541671875 0.546296296875 0.44895833281249997 0.5601851859375
1 0.3229166671875 0.44259259218749997 0.35208333281250004 0.459259259375 0.3619791671875 0.4703703703125 0.3651041671875 0.49444444374999996 0.3708333328125 0.490740740625 0.3802083328125 0.46944444374999994 0.3880208328125 0.46296296249999996 0.3880208328125 0.447222221875 0.3838541671875 0.43240740781250003 0.3567708328125 0.38333333281250004 0.35104166718749996 0.3888888890625 0.3375 0.3851851859375 0.3296875 0.3925925921875 0.3265625 0.3898148140625 0.3229166671875 0.39351851875 0.3182291671875 0.3925925921875 0.3125 0.3990740734375 0.3083333328125 0.4129629625 0.3072916671875 0.4240740734375 0.3104166671875 0.43518518593750005 0.3171875 0.43518518593750005 0.3229166671875 0.44259259218749997
1 0.3848958328125 0.4296296296875 0.3885416671875 0.44351851875000003 0.40416666718750005 0.45555555625000005 0.4291666671875 0.45277777812500003 0.4390625 0.4583333328125 0.4625 0.4620370375 0.46770833281249996 0.459259259375 0.46979166718750004 0.45277777812500003 0.47291666718750003 0.4509259265625 0.4734375 0.397222221875 0.4713541671875 0.36944444375 0.46666666718750005 0.3453703703125 0.4536458328125 0.33703703749999997 0.44427083281249996 0.33703703749999997 0.42604166718750003 0.3240740734375 0.4135416671875 0.322222221875 0.3869791671875 0.32685185156249996 0.3651041671875 0.3453703703125 0.3583333328125 0.3574074078125 0.3609375 0.38240740781250004 0.3770833328125 0.41944444374999995 0.3848958328125 0.4296296296875
1 0.45520833281249995 0.33703703749999997 0.465625 0.34351851875 0.4713541671875 0.36666666718749996 0.47239583281249997 0.41018518593750003 0.46979166718750004 0.43518518593750005 0.47239583281249997 0.44166666718750003 0.4692708328125 0.4546296296875 0.4703125 0.4583333328125 0.47864583281249995 0.46666666718750005 0.48229166718750005 0.46666666718750005 0.5203125 0.4453703703125 0.5229166671875001 0.4388888890625 0.5192708328125 0.43518518593750005 0.5161458328124999 0.42314814843750004 0.5135416671875 0.397222221875 0.5239583328124999 0.3324074078125 0.5192708328125 0.325 0.515625 0.3111111109375 0.5041666671875 0.2953703703125 0.49895833281249996 0.2824074078125 0.48229166718750005 0.2666666671875 0.4734375 0.272222221875 0.4640625 0.2833333328125 0.44635416718750004 0.321296296875 0.4458333328125 0.325 0.4505208328125 0.328703703125 0.45104166718750005 0.3379629625 0.45520833281249995 0.33703703749999997
1 0.4682291671875 0.2759259265625 0.4796875 0.2629629625 0.4739583328125 0.2509259265625 0.4546875 0.24722222187499998 0.4369791671875 0.2546296296875 0.4171875 0.271296296875 0.41979166718750005 0.284259259375 0.4458333328125 0.3101851859375 0.44947916718750003 0.3101851859375 0.4682291671875 0.2759259265625
1 0.4765625 0.2546296296875 0.48072916718750003 0.2611111109375 0.48645833281249995 0.2601851859375 0.4895833328125 0.2675925921875 0.49322916718750004 0.25833333281250004 0.5057291671875 0.25648148125 0.5078125 0.2638888890625 0.5151041671875001 0.2666666671875 0.5166666671875 0.272222221875 0.5182291671875 0.2703703703125 0.521875 0.2379629625 0.515625 0.23518518593749999 0.5119791671875 0.22870370312500002 0.5104166671875 0.21111111093749999 0.5135416671875 0.2009259265625 0.5036458328125 0.1916666671875 0.48854166718750003 0.1879629625 0.4661458328125 0.2 0.45729166718750003 0.2166666671875 0.45625 0.22685185156249998 0.4557291671875 0.24351851875000002 0.4583333328125 0.24722222187499998 0.465625 0.24722222187499998 0.4765625 0.2546296296875
1 0.53125 0.44444444375 0.5661458328125 0.46944444374999994 0.571875 0.4796296296875 0.5713541671875 0.4824074078125 0.5765625 0.48055555625 0.584375 0.46296296249999996 0.5848958328125 0.45370370312499997 0.5880208328125 0.4509259265625 0.5901041671875 0.440740740625 0.590625 0.4074074078125 0.5885416671875 0.3861111109375 0.584375 0.36944444375 0.5671875 0.3453703703125 0.5463541671875001 0.3351851859375 0.5411458328125 0.3416666671875 0.5328125 0.340740740625 0.5197916671875 0.3611111109375 0.5161458328124999 0.3759259265625 0.5166666671875 0.4138888890625 0.5213541671875 0.43148148124999997 0.53125 0.44444444375
1 0.5744791671875 0.5638888890625 0.5786458328124999 0.5638888890625 0.5864583328124999 0.5601851859375 0.5916666671875 0.5074074078125 0.5979166671875 0.4879629625 0.6046875 0.48055555625 0.6067708328125 0.471296296875 0.6 0.46666666718750005 0.5890625 0.46944444374999994 0.5833333328125 0.478703703125 0.5791666671875 0.48055555625 0.5713541671875 0.46944444374999994 0.559375 0.46481481406249997 0.5479166671875 0.4675925921875 0.54375 0.48148148125 0.5427083328125 0.5111111109375 0.5479166671875 0.5351851859375001 0.5557291671875 0.5481481484375 0.5744791671875 0.5638888890625
1 0.5875 0.46851851875 0.5973958328125 0.46481481406249997 0.6072916671875 0.471296296875 0.6151041671875 0.46296296249999996 0.6192708328125 0.44629629687500005 0.6239583328125 0.4388888890625 0.6317708328125 0.409259259375 0.6390625 0.3916666671875 0.6385416671875 0.38055555625 0.63125 0.3731481484375 0.6302083328125 0.36851851875 0.6151041671875 0.35925925937500003 0.60625 0.3601851859375 0.5885416671875 0.3731481484375 0.5880208328125 0.3796296296875 0.5911458328125 0.427777778125 0.5880208328125 0.4611111109375 0.5838541671875 0.46296296249999996 0.5875 0.46851851875
1 0.6421875 0.4796296296875 0.6442708328125 0.497222221875 0.6505208328125 0.5 0.6526041671875 0.50648148125 0.6541666671875 0.54444444375 0.6484375 0.5759259265625001 0.6494791671875 0.5916666671875 0.6583333328125 0.6074074078125 0.6677083328125 0.6101851859375 0.68125 0.6074074078125 0.6942708328125 0.5740740734374999 0.7151041671875 0.5481481484375 0.7197916671875 0.5333333328125 0.721875 0.509259259375 0.7260416671875001 0.4953703703125 0.7458333328125 0.45555555625000005 0.75 0.41111111093749997 0.7401041671875 0.39074074062499997 0.7010416671875 0.36296296250000004 0.6776041671875 0.36666666718749996 0.6640625 0.375 0.6380208328125 0.4074074078125 0.6229166671875 0.45277777812500003 0.6197916671875 0.45648148125 0.6229166671875 0.46481481406249997 0.6270833328125 0.4601851859375 0.6328125 0.46388888906250003 0.6421875 0.4796296296875
1 0.603125 0.5990740734375 0.6166666671875001 0.5953703703125 0.6145833328125 0.5898148140624999 0.6302083328125 0.5768518515625 0.646875 0.5731481484375001 0.6526041671875 0.55 0.6541666671875 0.5175925921875 0.6520833328125 0.5009259265625 0.6458333328125 0.49351851875 0.6432291671875 0.4796296296875 0.6380208328125 0.4731481484375 0.6333333328124999 0.4601851859375 0.63125 0.44629629687500005 0.634375 0.44351851875000003 0.6348958328125 0.4268518515625 0.6333333328124999 0.4296296296875 0.6296875 0.427777778125 0.6197916671875 0.45370370312499997 0.6197916671875 0.4620370375 0.596875 0.497222221875 0.5911458328125 0.521296296875 0.5901041671875 0.546296296875 0.5916666671875 0.559259259375 0.5973958328125 0.584259259375 0.603125 0.5990740734375
1 0.4625 0.79351851875 0.4817708328125 0.8018518515625 0.49010416718750005 0.8101851859375 0.49375 0.8101851859375 0.5015625 0.7814814812499999 0.5369791671875 0.7296296296875 0.5135416671875 0.7175925921874999 0.5 0.7194444437499999 0.4765625 0.7120370375 0.459375 0.7120370375 0.4505208328125 0.725 0.45 0.7518518515625 0.4526041671875 0.775 0.45625 0.7870370375 0.4625 0.79351851875
1 0.4359375 0.8009259265625 0.4505208328125 0.79444444375 0.4526041671875 0.7898148140625 0.4427083328125 0.7703703703125 0.4270833328125 0.7518518515625 0.4114583328125 0.7425925921875 0.3958333328125 0.7425925921875 0.3807291671875 0.759259259375 0.3760416671875 0.7759259265625 0.3692708328125 0.8175925921875 0.3692708328125 0.834259259375 0.38333333281250004 0.8416666671874999 0.3942708328125 0.8398148140625 0.4359375 0.8009259265625
1 0.4692708328125 0.6 0.4713541671875 0.6111111109375 0.46979166718750004 0.6231481484375 0.4760416671875 0.6240740734375 0.4828125 0.6425925921875 0.49427083281249995 0.6611111109375 0.509375 0.6555555562500001 0.5291666671875 0.5648148140625 0.5427083328125 0.553703703125 0.5484375 0.54444444375 0.5416666671875 0.5148148140625 0.5395833328124999 0.490740740625 0.5328125 0.48518518593750004 0.5265625 0.490740740625 0.5015625 0.497222221875 0.49375 0.509259259375 0.48645833281249995 0.5120370375000001 0.48125 0.5296296296875 0.4734375 0.5333333328125 0.46875 0.559259259375 0.46302083281249995 0.5703703703125 0.46458333281249997 0.5916666671875 0.4692708328125 0.6
1 0.509375 0.6925925921875 0.5166666671875 0.70648148125 0.5328125 0.7194444437499999 0.5645833328125 0.7203703703125 0.575 0.7166666671875 0.5838541671875 0.7009259265625001 0.5859375 0.6824074078125 0.5927083328125 0.6666666671875 0.590625 0.6564814812499999 0.59375 0.640740740625 0.590625 0.6259259265625 0.5942708328124999 0.6138888890625 0.5916666671875 0.5925925921874999 0.5875 0.5861111109375 0.5802083328125 0.5824074078125 0.5786458328124999 0.5703703703125 0.5682291671875 0.5583333328125 0.5494791671875 0.5490740734374999 0.540625 0.5583333328125 0.5364583328125 0.55648148125 0.5322916671875 0.5601851859375 0.5291666671875 0.5694444437499999 0.5213541671875 0.578703703125 0.5229166671875001 0.5990740734375 0.5166666671875 0.61944444375 0.5083333328124999 0.6731481484375 0.509375 0.6925925921875
1 0.4140625 0.7324074078125 0.4244791671875 0.74444444375 0.4369791671875 0.7518518515625 0.43854166718750004 0.7574074078125 0.4427083328125 0.7601851859375001 0.4505208328125 0.725 0.45729166718750003 0.7129629625 0.47552083281249996 0.7111111109375 0.5015625 0.7185185187500001 0.5088541671875 0.7129629625 0.5078125 0.7046296296875 0.49635416718750003 0.6731481484375 0.47447916718750005 0.6361111109375 0.4703125 0.6333333328124999 0.46666666718750005 0.6324074078125 0.4661458328125 0.6379629625 0.4458333328125 0.6629629625 0.44114583281249997 0.6648148140625 0.4348958328125 0.6583333328125 0.42395833281249995 0.6759259265625001 0.4203125 0.702777778125 0.41614583281249995 0.703703703125 0.40989583281249997 0.7203703703125 0.4140625 0.7324074078125
1 0.7192708328124999 0.9861111109375 0.7192708328124999 0.99351851875 0.7239583328125 0.997222221875 0.8276041671875 0.9990740734375001 0.8338541671874999 0.99351851875 0.8322916671874999 0.9833333328125 0.8380208328125001 0.98148148125 0.8416666671874999 0.9740740734375001 0.8364583328125 0.915740740625 0.834375 0.9083333328125001 0.83125 0.9064814812499999 0.828125 0.8916666671875 0.8244791671874999 0.8879629625 0.8229166671874999 0.872222221875 0.815625 0.8675925921875001 0.8145833328125001 0.8601851859374999 0.8104166671874999 0.853703703125 0.7875 0.83148148125 0.77890625 0.8388888890624999 0.7703125 0.8361111109375001 0.74375 0.847222221875 0.7395833328125 0.8601851859374999 0.7328125 0.86944444375 0.7265625 0.9 0.7229166671875 0.9037037031249999 0.7255208328125 0.9296296296875 0.7166666671875 0.9425925921875 0.7182291671875001 0.946296296875 0.7151041671875 0.9546296296874999 0.7166666671875 0.9796296296874999 0.7192708328124999 0.9861111109375
1 0.6161458328125 0.6861111109375 0.6171875 0.7481481484375 0.6270833328125 0.7740740734375 0.6411458328124999 0.7861111109375 0.646875 0.796296296875 0.6572916671875 0.797222221875 0.6619791671875 0.803703703125 0.6635416671875001 0.784259259375 0.671875 0.759259259375 0.6697916671875 0.7509259265625 0.6770833328125 0.7129629625 0.684375 0.615740740625 0.68125 0.609259259375 0.6802083328124999 0.6148148140624999 0.671875 0.6203703703125 0.665625 0.61851851875 0.6619791671875 0.625 0.6546875 0.6148148140624999 0.6458333328125 0.5851851859375 0.6390625 0.5768518515625 0.634375 0.5768518515625 0.6223958328125 0.5870370375 0.6203125 0.5962962968750001 0.6109375 0.6018518515625 0.5989583328125 0.627777778125 0.5973958328125 0.6388888890625 0.6015625 0.6611111109375 0.6083333328125 0.66851851875 0.6161458328125 0.6861111109375
1 0.7052083328125 0.752777778125 0.7385416671875 0.6796296296875 0.7411458328125 0.6611111109375 0.7401041671875 0.640740740625 0.7359375 0.6351851859375001 0.7265625 0.6425925921875 0.7114583328124999 0.672222221875 0.7041666671875 0.6796296296875 0.6963541671875 0.6990740734374999 0.6927083328125 0.7185185187500001 0.6911458328125 0.7638888890625 0.6932291671875 0.777777778125 0.6942708328125 0.7675925921875 0.7052083328125 0.752777778125
1 0.8380208328125001 0.6833333328125 0.8463541671874999 0.6870370375 0.8557291671874999 0.6824074078125 0.8598958328125 0.6777777781250001 0.8609375 0.672222221875 0.8682291671875 0.6666666671875 0.8697916671874999 0.6555555562500001 0.8734375 0.652777778125 0.8739583328125 0.6398148140625 0.8692708328125001 0.6203703703125 0.8692708328125001 0.6046296296875 0.8651041671874999 0.5824074078125 0.8651041671874999 0.5555555562500001 0.8375 0.5518518515624999 0.8338541671874999 0.5453703703125 0.8247395828125 0.5425925921875 0.8130208328125 0.5324074078125001 0.7973958328124999 0.5296296296875 0.790625 0.5305555562500001 0.7880208328125 0.5370370375 0.778125 0.546296296875 0.7776041671875 0.5648148140625 0.8088541671874999 0.6379629625 0.8166666671874999 0.6453703703125 0.8380208328125001 0.6833333328125
1 0.7546875 0.43148148124999997 0.753125 0.44444444375 0.7557291671875 0.465740740625 0.7546875 0.4731481484375 0.7734375 0.5129629625 0.7828125 0.5203703703125 0.7947916671875 0.5166666671875 0.8005208328125001 0.5287037031249999 0.8145833328125001 0.5305555562500001 0.8364583328125 0.54351851875 0.8578125 0.5379629625 0.8729166671874999 0.5240740734375 0.8755208328125 0.49351851875 0.8692708328125001 0.4703703703125 0.8572916671874999 0.45370370312499997 0.846875 0.45370370312499997 0.8421875 0.447222221875 0.8416666671874999 0.4388888890625 0.8364583328125 0.440740740625 0.8322916671874999 0.4379629625 0.8260416671874999 0.4240740734375 0.8302083328125001 0.4046296296875 0.8302083328125001 0.38240740781250004 0.8291666671875 0.35555555625 0.825 0.340740740625 0.79375 0.31851851875000003 0.7828125 0.3240740734375 0.7734375 0.3379629625 0.76875 0.35648148125 0.7635416671875 0.36296296250000004 0.7541666671875 0.4 0.7541666671875 0.4074074078125 0.7578125 0.41944444374999995 0.7578125 0.427777778125 0.7546875 0.43148148124999997
1 0.7677083328125 0.34351851875 0.7713541671875 0.35 0.7760416671875 0.35 0.7791666671875 0.34629629687499996 0.7796875 0.334259259375 0.7822916671875 0.32685185156249996 0.7953125 0.3203703703125 0.8067708328125001 0.32685185156249996 0.8151041671874999 0.3379629625 0.8229166671874999 0.340740740625 0.8270833328125 0.34629629687499996 0.8286458328125 0.3740740734375 0.815625 0.40648148125 0.8130208328125 0.40833333281249995 0.8140625 0.4203703703125 0.8307291671874999 0.4203703703125 0.8375 0.4138888890625 0.8666666671875 0.33703703749999997 0.8713541671874999 0.2898148140625 0.865625 0.24907407343750002 0.8609375 0.23148148124999998 0.834375 0.2166666671875 0.8026041671874999 0.20648148125 0.7869791671875 0.20833333281250002 0.7583333328124999 0.234259259375 0.7505208328124999 0.25740740781250004 0.7494791671875001 0.29444444375 0.7578125 0.3324074078125 0.7630208328125 0.3416666671875 0.7677083328125 0.34351851875
1 0.8739583328125 0.475 0.9109375 0.4916666671875 0.9265625 0.48981481406249994 0.9322916671874999 0.4824074078125 0.9520833328125 0.4703703703125 0.9770833328125 0.4018518515625 0.9947916671874999 0.36851851875 0.9994791671875 0.3481481484375 0.9994791671875 0.29814814843750004 0.9817708328125001 0.2731481484375 0.9713541671874999 0.26574074062499997 0.9619791671875 0.2638888890625 0.9489583328125001 0.253703703125 0.9390625 0.253703703125 0.9359375 0.25 0.9244791671874999 0.253703703125 0.9145833328125 0.2509259265625 0.9067708328125 0.25555555625 0.9046875 0.2601851859375 0.8921875 0.2611111109375 0.8776041671874999 0.2731481484375 0.8739583328125 0.28148148125 0.8723958328125001 0.30740740781250003 0.865625 0.3453703703125 0.84375 0.3990740734375 0.840625 0.415740740625 0.8453125 0.42314814843750004 0.8463541671874999 0.43518518593750005 0.8739583328125 0.475
1 0.8302083328125001 0.1120370375 0.8265625 0.1379629625 0.8286458328125 0.14444444375 0.8265625 0.15555555625 0.8286458328125 0.16944444375 0.8270833328125 0.21111111093749999 0.8614583328125001 0.2296296296875 0.86875 0.252777778125 0.8723958328125001 0.25648148125 0.8854166671874999 0.23518518593749999 0.8890625 0.21574074062499998 0.9 0.2018518515625 0.9171875 0.196296296875 0.9161458328125001 0.1833333328125 0.91875 0.1518518515625 0.9354166671874999 0.07685185156249999 0.9302083328125 0.0648148140625 0.915625 0.055555556250000006 0.9020833328125001 0.053703703125 0.8864583328125001 0.0574074078125 0.8651041671874999 0.05 0.8572916671874999 0.04444444375 0.8536458328125001 0.037037037499999995 0.8427083328125 0.0324074078125 0.8296875 0.0388888890625 0.8260416671874999 0.05 0.8213541671875 0.0546296296875 0.821875 0.065740740625 0.8260416671874999 0.071296296875 0.8265625 0.0953703703125 0.8302083328125001 0.1120370375
1 0.9640625 0 0.946875 0.034259259375000004 0.9348958328125001 0.08333333281250001 0.9322916671874999 0.11944444375 0.9265625 0.146296296875 0.921875 0.1574074078125 0.921875 0.1675925921875 0.9234375 0.171296296875 0.9328125 0.1675925921875 0.9359375 0.178703703125 0.9317708328125001 0.1888888890625 0.93125 0.2 0.9223958328125 0.2046296296875 0.9239583328125001 0.21296296250000002 0.9401041671874999 0.2138888890625 0.9661458328125001 0.2018518515625 0.9994791671875 0.17314814843749998 0.9994791671875 0 0.9640625 0
1 0.8927083328125001 0.6740740734374999 0.9015625 0.6731481484375 0.9151041671875 0.6824074078125 0.9265625 0.6768518515624999 0.9359375 0.6805555562500001 0.9489583328125001 0.66851851875 0.965625 0.6666666671875 0.9994791671875 0.646296296875 0.9994791671875 0.5129629625 0.9671875 0.5046296296875 0.953125 0.5074074078125 0.9447916671875 0.5138888890625 0.9416666671874999 0.50555555625 0.9432291671874999 0.5009259265625 0.9348958328125001 0.49444444374999996 0.8911458328125 0.49351851875 0.8916666671875 0.4981481484375 0.8989583328125 0.5009259265625 0.9046875 0.5129629625 0.9052083328125 0.5203703703125 0.9026041671874999 0.525 0.9041666671874999 0.5324074078125001 0.8979166671875 0.54351851875 0.8864583328125001 0.546296296875 0.878125 0.5601851859375 0.8755208328125 0.5574074078125 0.8744791671875 0.5481481484375 0.8723958328125001 0.547222221875 0.8703125 0.5601851859375 0.86875 0.5916666671875 0.8755208328125 0.6546296296875 0.8869791671874999 0.6583333328125 0.8927083328125001 0.6740740734374999
1 0.9567708328125001 0.4675925921875 0.95 0.47407407343749997 0.9510416671874999 0.4888888890625 0.9447916671875 0.49351851875 0.9427083328125001 0.5018518515625 0.9505208328125001 0.5083333328124999 0.9932291671875 0.50555555625 0.9994791671875 0.5083333328124999 0.9994791671875 0.3620370375 0.9895833328125001 0.3768518515625 0.9880208328125001 0.384259259375 0.9770833328125 0.40555555625000006 0.9703125 0.409259259375 0.9630208328125001 0.41944444374999995 0.9651041671874999 0.42222222187499997 0.9651041671874999 0.440740740625 0.9583333328125001 0.4509259265625 0.9567708328125001 0.4675925921875
1 0.9541666671875 0.7259259265625 0.984375 0.7583333328124999 0.9947916671874999 0.7787037031249999 0.9994791671875 0.7805555562500001 0.9994791671875 0.6564814812499999 0.9776041671875 0.6601851859375001 0.9708333328125001 0.66944444375 0.9510416671874999 0.6703703703125 0.9380208328125 0.6851851859375 0.9369791671875 0.6981481484375001 0.9427083328125001 0.7074074078125 0.9479166671874999 0.7101851859375 0.9541666671875 0.7259259265625
1 0.9307291671875 0.9898148140625 0.9333333328125001 0.99444444375 0.9442708328125 0.9953703703125001 0.9463541671875 0.9990740734375001 0.9994791671875 0.997222221875 0.9994791671875 0.7888888890625 0.9713541671874999 0.76851851875 0.9619791671875 0.7740740734375 0.9510416671874999 0.771296296875 0.9375 0.7768518515625 0.93125 0.7851851859375001 0.9265625 0.7824074078125001 0.9317708328125001 0.80648148125 0.9307291671875 0.9898148140625
1 0.815625 0.8435185187500001 0.81875 0.8490740734375001 0.8203125 0.8611111109375 0.8255208328125001 0.86944444375 0.8260416671874999 0.88055555625 0.8322916671874999 0.8925925921875001 0.8328125 0.9 0.8380208328125001 0.9120370375 0.8416666671874999 0.9296296296875 0.8411458328125001 0.95648148125 0.8489583328125001 0.978703703125 0.8390625 0.9870370375 0.8333333328125001 0.9861111109375 0.8432291671875 0.99444444375 0.8817708328125 0.9925925921875001 0.8833333328125 0.9870370375 0.8791666671874999 0.9703703703125001 0.8776041671874999 0.934259259375 0.8854166671874999 0.9101851859375 0.8828125 0.8981481484374999 0.8848958328125001 0.8879629625 0.8807291671874999 0.86851851875 0.8755208328125 0.8583333328125 0.8552083328125001 0.8388888890624999 0.8421875 0.821296296875 0.81875 0.8009259265625 0.80625 0.79444444375 0.7947916671875 0.8055555562500001 0.796875 0.821296296875 0.80625 0.8296296296874999 0.8104166671874999 0.8444444437499999 0.815625 0.8435185187500001
1 0.7317708328125 0.5981481484375 0.7401041671875 0.61851851875 0.7380208328125 0.6351851859375001 0.740625 0.6416666671875 0.7432291671875 0.6731481484375 0.7473958328125 0.6824074078125 0.7458333328125 0.6925925921875 0.7526041671875 0.7083333328125 0.7546875 0.7240740734375 0.7661458328124999 0.7648148140625 0.7734375 0.7787037031249999 0.7864583328125 0.7916666671875 0.7947916671875 0.790740740625 0.7947916671875 0.7814814812499999 0.7973958328124999 0.7731481484375 0.8046875 0.765740740625 0.809375 0.7666666671875 0.8109375 0.771296296875 0.8145833328125001 0.765740740625 0.8182291671874999 0.7675925921875 0.8203125 0.7638888890625 0.8229166671874999 0.7351851859375 0.8203125 0.7231481484375 0.8208333328125 0.696296296875 0.815625 0.6574074078125001 0.7958333328125 0.60648148125 0.775 0.5675925921875 0.765625 0.5305555562500001 0.759375 0.5296296296875 0.7541666671875 0.5351851859375001 0.7494791671875001 0.5324074078125001 0.7411458328125 0.534259259375 0.7369791671875 0.5481481484375 0.728125 0.5601851859375 0.73125 0.5638888890625 0.7317708328125 0.5981481484375
1 0.6817708328125 0.8629629624999999 0.6854166671875 0.865740740625 0.69375 0.85648148125 0.7197916671875 0.85648148125 0.7177083328125 0.8453703703125001 0.7135416671875 0.8388888890624999 0.7052083328125 0.834259259375 0.6984375 0.825 0.6890625 0.790740740625 0.6817708328125 0.7925925921875 0.6640625 0.8120370375 0.653125 0.83148148125 0.6526041671875 0.853703703125 0.6625 0.8731481484374999 0.6703125 0.8740740734375001 0.6817708328125 0.8629629624999999
1 0.7411458328125 0.8416666671874999 0.7515625 0.847222221875 0.7635416671875 0.8425925921875 0.7708333328125 0.834259259375 0.7791666671875 0.8379629625 0.7911458328125 0.8268518515625001 0.78125 0.797222221875 0.7671875 0.7759259265625 0.7447916671875 0.7824074078125001 0.7348958328124999 0.803703703125 0.725 0.8120370375 0.7239583328125 0.8268518515625001 0.72890625 0.8259259265625 0.7359375 0.83148148125 0.7411458328125 0.8416666671874999
1 0.46979166718750004 0.5527777781250001 0.471875 0.5333333328125 0.47864583281249995 0.5287037031249999 0.48802083281249997 0.5083333328124999 0.5020833328125 0.49629629687500004 0.525 0.48981481406249994 0.5307291671875001 0.4824074078125 0.534375 0.4703703703125 0.525 0.4509259265625 0.5171875 0.4509259265625 0.49114583281249996 0.46296296249999996 0.4578125 0.48518518593750004 0.44895833281249997 0.515740740625 0.44947916718750003 0.54444444375 0.4546875 0.5666666671875 0.45885416718750005 0.5675925921875 0.46979166718750004 0.5527777781250001