2 0.959375 0.965740740625 0.9703125 0.975 0.9713541671874999 0.9490740734375 0.953125 0.934259259375 0.9427083328125001 0.934259259375 0.9369791671875 0.9509259265625 0.9354166671874999 0.9638888890624999 0.9432291671874999 0.9870370375 0.9552083328125001 0.98055555625 0.959375 0.965740740625
2 0.9098958328125001 0.0324074078125 0.9114583328125001 0.0111111109375 0.8963541671874999 0.0129629625 0.8921875 0.0259259265625 0.8932291671874999 0.0361111109375 0.9026041671874999 0.0379629625 0.9098958328125001 0.0324074078125
2 0.7244791671875 0.2629629625 0.7270833328124999 0.252777778125 0.7244791671875 0.2398148140625 0.7203125 0.2398148140625 0.7145833328125 0.246296296875 0.7119791671875 0.2509259265625 0.7135416671875 0.259259259375 0.7192708328124999 0.2638888890625 0.7244791671875 0.2629629625
2 0.35 0.28611111093749997 0.3651041671875 0.3018518515625 0.378125 0.2824074078125 0.3807291671875 0.2629629625 0.3729166671875 0.2638888890625 0.3697916671875 0.2518518515625 0.3567708328125 0.24907407343750002 0.3546875 0.2611111109375 0.3505208328125 0.26944444375 0.3447916671875 0.26851851875 0.34322916718749996 0.271296296875 0.3453125 0.27870370312500004 0.34427083281250004 0.28611111093749997 0.35 0.28611111093749997
2 0.734375 0.296296296875 0.7348958328124999 0.27777777812500004 0.7317708328125 0.271296296875 0.725 0.2648148140625 0.7208333328125 0.2648148140625 0.7145833328125 0.271296296875 0.7135416671875 0.27870370312500004 0.715625 0.290740740625 0.7234375 0.29814814843750004 0.734375 0.296296296875
0 0.9947916671874999 0.10555555624999999 0.9994791671875 0.1 0.9994791671875 0.0916666671875 0.9875 0.0861111109375 0.9859375 0.07685185156249999 0.9822916671874999 0.07685185156249999 0.9791666671874999 0.08148148125 0.9677083328125 0.07962962968750001 0.9604166671875 0.0861111109375 0.959375 0.0916666671875 0.9661458328125001 0.109259259375 0.9822916671874999 0.1111111109375 0.9947916671874999 0.10555555624999999
0 0.88125 0.10370370312499999 0.890625 0.0870370375 0.890625 0.078703703125 0.884375 0.0675925921875 0.8796875 0.065740740625 0.8640625 0.0740740734375 0.859375 0.0870370375 0.859375 0.1101851859375 0.8609375 0.1148148140625 0.8666666671875 0.1175925921875 0.88125 0.10370370312499999
0 0.9072916671875 0.4981481484375 0.9125 0.5009259265625 0.9276041671874999 0.4861111109375 0.9255208328125001 0.4824074078125 0.9265625 0.46944444374999994 0.9239583328125001 0.4583333328125 0.9161458328125001 0.45277777812500003 0.9078125 0.4379629625 0.903125 0.4370370375 0.8989583328125 0.44166666718750003 0.8927083328125001 0.4611111109375 0.8911458328125 0.47407407343749997 0.89375 0.4861111109375 0.9041666671874999 0.5018518515625 0.9072916671875 0.4981481484375
0 0.8020833328125001 0.5666666671875 0.8015625 0.5796296296875 0.8052083328125 0.5833333328125 0.80625 0.5953703703125 0.8140625 0.5953703703125 0.8208333328125 0.6009259265625 0.828125 0.6018518515625 0.8296875 0.60648148125 0.8375 0.6074074078125 0.8359375 0.6046296296875 0.8375 0.597222221875 0.8473958328125001 0.5879629625 0.846875 0.5768518515625 0.8385416671874999 0.546296296875 0.8197916671875 0.5351851859375001 0.8098958328125001 0.5370370375 0.8067708328125001 0.5546296296875 0.8026041671874999 0.5546296296875 0.7984375 0.5601851859375 0.8020833328125001 0.5666666671875
0 0.2364583328125 0.56851851875 0.25833333281250004 0.5490740734374999 0.26614583281250004 0.527777778125 0.2677083328125 0.5129629625 0.265625 0.5074074078125 0.2479166671875 0.490740740625 0.24322916718749998 0.4981481484375 0.2359375 0.4981481484375 0.21510416718749997 0.5240740734375 0.2140625 0.5370370375 0.2166666671875 0.553703703125 0.22135416718749998 0.5546296296875 0.2364583328125 0.56851851875
0 0.1984375 0.553703703125 0.20416666718749998 0.5611111109375 0.2125 0.5574074078125 0.21458333281250003 0.5481481484375 0.2109375 0.5370370375 0.2140625 0.525 0.225 0.509259259375 0.22135416718749998 0.46944444374999994 0.2166666671875 0.46296296249999996 0.1984375 0.47592592656250005 0.19375 0.48425925937500003 0.1864583328125 0.48981481406249994 0.1828125 0.50555555625 0.1838541671875 0.51944444375 0.1932291671875 0.5361111109375 0.1932291671875 0.5527777781250001 0.1984375 0.553703703125
0 0.24322916718749998 0.27870370312500004 0.240625 0.2648148140625 0.2286458328125 0.2638888890625 0.22239583281250003 0.26851851875 0.2234375 0.2833333328125 0.2270833328125 0.2870370375 0.2364583328125 0.28796296250000003 0.24322916718749998 0.27870370312500004
0 0.9119791671874999 0.0953703703125 0.915625 0.0953703703125 0.9286458328125 0.07962962968750001 0.9203125 0.0638888890625 0.9208333328125 0.060185185937499996 0.9125 0.061111110937500004 0.9057291671875 0.071296296875 0.9057291671875 0.07685185156249999 0.9083333328125001 0.0898148140625 0.9119791671874999 0.0953703703125
0 0.953125 0.0675925921875 0.9546875 0.0740740734375 0.9614583328125 0.0638888890625 0.9567708328125001 0.055555556250000006 0.9598958328125 0.0490740734375 0.9598958328125 0.040740740625 0.9510416671874999 0.0333333328125 0.9390625 0.0361111109375 0.9333333328125001 0.051851851562499995 0.9333333328125001 0.0648148140625 0.9390625 0.0759259265625 0.9484375 0.0666666671875 0.953125 0.0675925921875
2 0.85 0.540740740625 0.8572916671874999 0.5305555562500001 0.8645833328125001 0.5287037031249999 0.8645833328125001 0.5111111109375 0.8578125 0.5083333328124999 0.8536458328125001 0.5018518515625 0.8453125 0.5046296296875 0.8463541671874999 0.5111111109375 0.8401041671874999 0.521296296875 0.8416666671874999 0.5324074078125001 0.85 0.540740740625
1 0.7739583328124999 0.146296296875 0.7817708328124999 0.1481481484375 0.8020833328125001 0.16388888906250001 0.8140625 0.16388888906250001 0.81875 0.146296296875 0.81875 0.12592592656249998 0.809375 0.10370370312499999 0.7880208328125 0.09351851875 0.775 0.0925925921875 0.759375 0.1 0.7473958328125 0.109259259375 0.740625 0.12592592656249998 0.740625 0.14444444375 0.74375 0.15555555625 0.759375 0.1481481484375 0.7739583328124999 0.146296296875
1 0.7869791671875 0.2898148140625 0.7947916671875 0.3018518515625 0.8119791671875 0.30555555624999997 0.8171875 0.3129629625 0.8296875 0.3203703703125 0.8416666671874999 0.321296296875 0.8526041671875 0.31759259218749997 0.8552083328125001 0.296296296875 0.8552083328125001 0.240740740625 0.8510416671875 0.22407407343750002 0.8479166671874999 0.21944444375 0.8244791671874999 0.20740740781250003 0.821875 0.2009259265625 0.7947916671875 0.1981481484375 0.7744791671875 0.2046296296875 0.7671875 0.2101851859375 0.7604166671875 0.22407407343750002 0.7598958328125 0.23148148124999998 0.7619791671875 0.2379629625 0.7729166671875001 0.25555555625 0.7869791671875 0.2898148140625
1 0.9119791671874999 0.2916666671875 0.9234375 0.309259259375 0.9484375 0.32592592656249997 0.9666666671874999 0.34629629687499996 0.9692708328125 0.340740740625 0.9786458328125001 0.3416666671875 0.990625 0.3148148140625 0.990625 0.3046296296875 0.9802083328125001 0.2601851859375 0.9697916671875 0.2379629625 0.9520833328125 0.2166666671875 0.9526041671875 0.21203703749999997 0.95 0.21111111093749999 0.9458333328125 0.2175925921875 0.9338541671874999 0.2138888890625 0.928125 0.21851851875 0.9125 0.2203703703125 0.90625 0.22777777812500002 0.9041666671874999 0.23611111093749998 0.9036458328125001 0.252777778125 0.9067708328125 0.2629629625 0.90625 0.272222221875 0.9119791671874999 0.2916666671875
1 0.7307291671875 0.44444444375 0.7364583328125 0.4453703703125 0.7401041671875 0.4388888890625 0.7807291671875001 0.4620370375 0.7828125 0.4675925921875 0.7911458328125 0.46388888906250003 0.8067708328125001 0.4388888890625 0.8151041671874999 0.41944444374999995 0.8166666671874999 0.403703703125 0.8161458328125001 0.3888888890625 0.809375 0.36851851875 0.803125 0.36296296250000004 0.7984375 0.3416666671875 0.7692708328125 0.3138888890625 0.7604166671875 0.3101851859375 0.7473958328125 0.3148148140625 0.7354166671875 0.3379629625 0.7244791671875 0.3925925921875 0.7265625 0.425 0.7203125 0.43518518593750005 0.7234375 0.45648148125 0.7307291671875 0.44444444375
1 0.9427083328125001 0.7861111109375 0.9453125 0.7916666671875 0.9473958328125001 0.8101851859375 0.9546875 0.8194444437499999 0.9677083328125 0.8574074078124999 0.971875 0.8601851859374999 0.9776041671875 0.8731481484374999 0.9875 0.877777778125 0.9947916671874999 0.8916666671875 0.9994791671875 0.8925925921875001 0.9994791671875 0.6546296296875 0.9953125 0.6583333328125 0.9953125 0.665740740625 0.9817708328125001 0.6777777781250001 0.98125 0.6879629625 0.9572916671874999 0.7074074078125 0.953125 0.7185185187500001 0.9453125 0.728703703125 0.9411458328125001 0.747222221875 0.9453125 0.759259259375 0.940625 0.76851851875 0.94375 0.7787037031249999 0.9427083328125001 0.7861111109375
1 0.7135416671875 0.83148148125 0.7182291671875001 0.8490740734375001 0.7322916671875 0.8620370375 0.759375 0.9046296296874999 0.7744791671875 0.91944444375 0.7947916671875 0.9277777781250001 0.8083333328125001 0.9148148140625001 0.8166666671874999 0.9120370375 0.8453125 0.8296296296874999 0.8421875 0.7990740734374999 0.834375 0.7814814812499999 0.8140625 0.7453703703125 0.7989583328125 0.73148148125 0.7963541671875001 0.7361111109375 0.796875 0.7481481484375 0.7885416671875001 0.7481481484375 0.7760416671875 0.73148148125 0.771875 0.728703703125 0.765625 0.73148148125 0.7567708328125 0.7129629625 0.7473958328125 0.7083333328125 0.7208333328125 0.7166666671875 0.715625 0.73055555625 0.7078125 0.7398148140624999 0.7119791671875 0.76944444375 0.7083333328125 0.8055555562500001 0.709375 0.8259259265625 0.7135416671875 0.83148148125
1 0.8041666671875 0.7333333328125 0.815625 0.740740740625 0.834375 0.7361111109375 0.8380208328125001 0.7324074078125 0.8421875 0.7203703703125 0.8453125 0.696296296875 0.8395833328125001 0.6731481484375 0.8432291671875 0.66944444375 0.821875 0.6398148140625 0.8114583328125 0.6361111109375 0.8083333328125001 0.63055555625 0.7984375 0.63055555625 0.7802083328125 0.64444444375 0.7692708328125 0.6564814812499999 0.7619791671875 0.6731481484375 0.7604166671875 0.6833333328125 0.7645833328125 0.7203703703125 0.7708333328125 0.728703703125 0.8041666671875 0.7333333328125
1 0.6854166671875 0.4611111109375 0.7005208328125 0.48055555625 0.7088541671875 0.4768518515625 0.7109375 0.47407407343749997 0.7239583328125 0.4074074078125 0.7234375 0.39351851875 0.7270833328124999 0.36944444375 0.7390625 0.328703703125 0.7375 0.322222221875 0.7291666671875 0.3166666671875 0.6973958328125 0.31944444375000003 0.6791666671875001 0.3333333328125 0.6734375 0.3425925921875 0.66875 0.34351851875 0.665625 0.3490740734375 0.6625 0.3731481484375 0.6536458328125 0.3759259265625 0.653125 0.396296296875 0.6588541671875 0.409259259375 0.6703125 0.425 0.6854166671875 0.4611111109375
1 0.703125 0.5833333328125 0.7161458328125 0.6074074078125 0.73125 0.602777778125 0.7328125 0.577777778125 0.7427083328124999 0.5611111109375 0.7479166671875 0.55648148125 0.759375 0.5583333328125 0.7729166671875001 0.5490740734374999 0.7864583328125 0.525 0.7932291671875 0.502777778125 0.7932291671875 0.477777778125 0.7833333328125 0.4546296296875 0.775 0.4509259265625 0.765625 0.4388888890625 0.7510416671875 0.4388888890625 0.7479166671875 0.4296296296875 0.7375 0.44259259218749997 0.7317708328125 0.44444444375 0.7197916671875 0.45648148125 0.7145833328125 0.471296296875 0.7119791671875 0.4916666671875 0.7088541671875 0.497222221875 0.7046875 0.4953703703125 0.7010416671875 0.48518518593750004 0.6895833328125 0.48703703750000005 0.6895833328125 0.497222221875 0.6916666671875 0.4981481484375 0.6963541671875 0.5175925921875 0.703125 0.5833333328125
1 0.7098958328125 0.7009259265625001 0.7197916671875 0.7101851859375 0.734375 0.7101851859375 0.7447916671875 0.7046296296875 0.7494791671875001 0.6972222218749999 0.7520833328125 0.678703703125 0.7552083328125 0.6731481484375 0.7473958328125 0.6574074078125001 0.74375 0.6231481484375 0.7395833328125 0.6101851859375 0.7166666671875 0.615740740625 0.7072916671875 0.627777778125 0.7015625 0.6481481484375 0.6984375 0.6620370375 0.6989583328125 0.6731481484375 0.7052083328125 0.68148148125 0.7098958328125 0.7009259265625001
1 0.45416666718750004 0.571296296875 0.45625 0.5898148140624999 0.4703125 0.63055555625 0.48541666718750004 0.665740740625 0.49010416718750005 0.671296296875 0.5041666671875 0.675 0.5296875 0.675 0.54375 0.671296296875 0.5604166671875 0.6601851859375001 0.5734375 0.646296296875 0.5932291671875001 0.6324074078125 0.5989583328125 0.6175925921875 0.6046875 0.6129629624999999 0.6067708328125 0.5935185187500001 0.6114583328125 0.5833333328125 0.6098958328124999 0.5703703703125 0.6114583328125 0.5527777781250001 0.6052083328125 0.5138888890625 0.5947916671875 0.50555555625 0.5869791671875 0.50555555625 0.5791666671875 0.5 0.5744791671875 0.5138888890625 0.5583333328125 0.521296296875 0.5479166671875 0.497222221875 0.546875 0.48518518593750004 0.5390625 0.46944444374999994 0.5338541671875 0.4675925921875 0.5239583328124999 0.4546296296875 0.5052083328125 0.447222221875 0.4973958328125 0.44629629687500005 0.47083333281249995 0.46666666718750005 0.4536458328125 0.4990740734375 0.44635416718750004 0.5296296296875 0.4453125 0.5370370375 0.4505208328125 0.54351851875 0.44895833281249997 0.5611111109375 0.45416666718750004 0.571296296875
1 0.5109375 0.43518518593750005 0.5166666671875 0.44629629687500005 0.5359375 0.4611111109375 0.5427083328125 0.47222222187499996 0.5489583328125 0.490740740625 0.55625 0.48703703750000005 0.565625 0.49259259218749996 0.5666666671875 0.5 0.5635416671875 0.50555555625 0.5640625 0.509259259375 0.5807291671875 0.4916666671875 0.6057291671875 0.41944444374999995 0.6104166671875 0.4175925921875 0.6151041671875 0.409259259375 0.6151041671875 0.40648148125 0.6130208328125 0.41018518593750003 0.6083333328125 0.40648148125 0.6078125 0.3925925921875 0.6104166671875 0.3740740734375 0.6026041671875 0.3583333328125 0.5989583328125 0.34444444375 0.5494791671875 0.2824074078125 0.521875 0.2648148140625 0.5098958328125 0.2675925921875 0.5088541671875 0.275 0.5020833328125 0.284259259375 0.4927083328125 0.34444444375 0.490625 0.36851851875 0.4921875 0.3888888890625 0.5052083328125 0.4148148140625 0.5109375 0.43518518593750005
1 0.6052083328125 0.5101851859375001 0.6104166671875 0.5453703703125 0.6140625 0.553703703125 0.6140625 0.5851851859375 0.6135416671875 0.5916666671875 0.609375 0.5953703703125 0.609375 0.622222221875 0.61875 0.6324074078125 0.6302083328125 0.6388888890625 0.6427083328125 0.6388888890625 0.6765625 0.61851851875 0.68125 0.6101851859375 0.6848958328125 0.6111111109375 0.6869791671875001 0.6074074078125 0.6890625 0.5851851859375 0.6989583328125 0.575 0.6984375 0.5629629625 0.7010416671875 0.5574074078125 0.7010416671875 0.5509259265625001 0.6984375 0.5453703703125 0.696875 0.527777778125 0.6854166671875 0.497222221875 0.6729166671875 0.4388888890625 0.6661458328125 0.42314814843750004 0.6609375 0.4203703703125 0.6505208328125 0.403703703125 0.6380208328125 0.40555555625000006 0.6354166671875 0.396296296875 0.6302083328125 0.396296296875 0.6177083328124999 0.4074074078125 0.609375 0.42222222187499997 0.6020833328124999 0.42314814843750004 0.5828125 0.48055555625 0.5822916671875 0.49351851875 0.5864583328124999 0.5009259265625 0.5989583328125 0.503703703125 0.6052083328125 0.5101851859375001
1 0.49583333281249997 0.9990740734375001 0.5765625 0.9990740734375001 0.5838541671875 0.99444444375 0.5921875 0.9694444437499999 0.5989583328125 0.965740740625 0.6088541671875001 0.9472222218749999 0.6114583328125 0.9472222218749999 0.6197916671875 0.9138888890624999 0.6213541671875 0.877777778125 0.61875 0.8620370375 0.6161458328125 0.8583333328125 0.6151041671875 0.8324074078124999 0.60625 0.790740740625 0.5911458328125 0.753703703125 0.5815104171875001 0.7481481484375 0.5677083328125 0.7296296296875 0.5317708328124999 0.7240740734375 0.5067708328125 0.7361111109375 0.48854166718750003 0.7509259265625 0.48802083281249997 0.7601851859375001 0.478125 0.7703703703125 0.4760416671875 0.7888888890625 0.4692708328125 0.8027777781250001 0.46510416718750003 0.840740740625 0.46666666718750005 0.9009259265624999 0.4703125 0.9425925921875 0.4848958328125 0.9824074078124999 0.49583333281249997 0.9990740734375001
1 0.6067708328125 0.7888888890625 0.6166666671875001 0.83055555625 0.6208333328125 0.859259259375 0.621875 0.9111111109375001 0.615625 0.940740740625 0.6239583328125 0.9601851859374999 0.6307291671875 0.9601851859374999 0.6489583328124999 0.95 0.6619791671875 0.934259259375 0.6661458328125 0.922222221875 0.6708333328125 0.9166666671874999 0.6755208328125 0.8981481484374999 0.6875 0.884259259375 0.6916666671875 0.8675925921875001 0.696875 0.8574074078124999 0.6989583328125 0.8370370375 0.7020833328125 0.8296296296874999 0.7067708328125 0.7666666671875 0.7020833328125 0.7388888890625 0.7026041671875001 0.727777778125 0.6921875 0.7194444437499999 0.6864583328125 0.709259259375 0.6765625 0.7046296296875 0.6692708328125 0.696296296875 0.6494791671875 0.6870370375 0.6463541671875 0.68148148125 0.6328125 0.678703703125 0.6307291671875 0.675 0.6229166671875 0.675 0.6171875 0.6805555562500001 0.5958333328125 0.7259259265625 0.5911458328125 0.7231481484375 0.5901041671875 0.74444444375 0.5953125 0.75 0.596875 0.7629629625 0.6067708328125 0.7888888890625
1 0.8239583328125001 0.9101851859375 0.8140625 0.928703703125 0.7963541671875001 0.93148148125 0.8005208328125001 0.9509259265625 0.8130208328125 0.978703703125 0.8213541671875 0.99444444375 0.8265625 0.9990740734375001 0.9020833328125001 0.9990740734375001 0.9083333328125001 0.9925925921875001 0.9208333328125 0.95555555625 0.9208333328125 0.9305555562500001 0.9083333328125001 0.8916666671875 0.8979166671875 0.8453703703125001 0.8901041671875 0.8222222218749999 0.8822916671875 0.8138888890624999 0.8713541671874999 0.8203703703125 0.8640625 0.8203703703125 0.8604166671875 0.8259259265625 0.8619791671874999 0.8398148140625 0.8557291671874999 0.8425925921875 0.8447916671875 0.8379629625 0.8385416671874999 0.8462962968750001 0.8364583328125 0.852777778125 0.8369791671875 0.8648148140625 0.828125 0.884259259375 0.8239583328125001 0.9101851859375
1 0.9286458328125 0.7370370375 0.9307291671875 0.7481481484375 0.9390625 0.7574074078125 0.9411458328125001 0.75555555625 0.940625 0.746296296875 0.9635416671874999 0.7018518515625 0.9677083328125 0.6953703703125 0.9791666671874999 0.6879629625 0.9802083328125001 0.6768518515624999 0.9822916671874999 0.6731481484375 0.9927083328125 0.66944444375 0.99375 0.6620370375 0.9927083328125 0.6453703703125 0.9833333328125 0.63055555625 0.959375 0.6009259265625 0.9442708328125 0.5898148140624999 0.9234375 0.5916666671875 0.9223958328125 0.5981481484375 0.9140625 0.6120370375 0.9088541671874999 0.652777778125 0.9104166671874999 0.675 0.91875 0.702777778125 0.921875 0.7268518515625 0.9286458328125 0.7370370375
1 0.9520833328125 0.5759259265625001 0.9572916671874999 0.5675925921875 0.9880208328125001 0.56851851875 0.9994791671875 0.5638888890625 0.9994791671875 0.41111111093749997 0.9869791671874999 0.42314814843750004 0.9744791671874999 0.42129629687500003 0.965625 0.43518518593750005 0.9578125 0.4388888890625 0.9541666671875 0.45 0.9416666671874999 0.4703703703125 0.934375 0.4916666671875 0.9239583328125001 0.5675925921875 0.9234375 0.5759259265625001 0.9265625 0.5833333328125 0.9390625 0.5851851859375 0.9520833328125 0.5759259265625001
1 0.890625 0.4388888890625 0.9010416671874999 0.43518518593750005 0.9208333328125 0.4370370375 0.921875 0.4509259265625 0.9260416671874999 0.45555555625000005 0.9333333328125001 0.45555555625000005 0.9364583328125 0.4620370375 0.9359375 0.46666666718750005 0.9395833328125001 0.46666666718750005 0.9447916671875 0.4574074078125 0.946875 0.4583333328125 0.9494791671874999 0.4481481484375 0.9567708328125001 0.4370370375 0.9671875 0.4296296296875 0.9734375 0.4203703703125 0.9901041671874999 0.41111111093749997 0.9854166671875 0.3925925921875 0.9817708328125001 0.3898148140625 0.975 0.375 0.9713541671874999 0.3731481484375 0.965625 0.3601851859375 0.9473958328125001 0.35648148125 0.9401041671874999 0.35648148125 0.9317708328125001 0.365740740625 0.9286458328125 0.3611111109375 0.9234375 0.3601851859375 0.9177083328125001 0.36759259218749996 0.9078125 0.3703703703125 0.8979166671875 0.3879629625 0.8921875 0.3861111109375 0.88125 0.4074074078125 0.8802083328125001 0.415740740625 0.8828125 0.4148148140625 0.8864583328125001 0.42129629687500003 0.890625 0.4388888890625
1 0.625 0.340740740625 0.6359375 0.353703703125 0.6395833328125 0.353703703125 0.6505208328125 0.3333333328125 0.65625 0.3296296296875 0.6614583328125 0.3138888890625 0.6630208328125 0.29814814843750004 0.6713541671875001 0.2916666671875 0.6729166671875 0.29814814843750004 0.68125 0.29814814843750004 0.6973958328125 0.28148148125 0.7015625 0.2703703703125 0.678125 0.2629629625 0.6567708328124999 0.26574074062499997 0.6401041671875001 0.27870370312500004 0.6276041671875 0.29814814843750004 0.6364583328125 0.30740740781250003 0.6375 0.31851851875000003 0.628125 0.32777777812500003 0.625 0.340740740625
1 0.6072916671875 0.352777778125 0.6114583328125 0.352777778125 0.6229166671875 0.340740740625 0.6270833328125 0.32777777812500003 0.6390625 0.3148148140625 0.6375 0.3083333328125 0.6197916671875 0.29907407343750003 0.6109375 0.28611111093749997 0.5984375 0.2898148140625 0.5875 0.2796296296875 0.5682291671875 0.2740740734375 0.5526041671875 0.2740740734375 0.5473958328124999 0.27870370312500004 0.5625 0.303703703125 0.5692708328125 0.30740740781250003 0.6072916671875 0.352777778125
1 0.4770833328125 0.3851851859375 0.49010416718750005 0.3879629625 0.4916666671875 0.384259259375 0.49375 0.3203703703125 0.5 0.284259259375 0.503125 0.27870370312500004 0.5036458328125 0.2703703703125 0.5010416671875 0.2601851859375 0.49114583281249996 0.253703703125 0.4661458328125 0.25555555625 0.45885416718750005 0.2611111109375 0.43958333281249995 0.2925925921875 0.4359375 0.30648148124999997 0.4380208328125 0.33703703749999997 0.4609375 0.3620370375 0.4770833328125 0.3851851859375
1 0.4171875 0.602777778125 0.4213541671875 0.60555555625 0.42604166718750003 0.5925925921874999 0.43072916718750004 0.5888888890625 0.43645833281249996 0.590740740625 0.43541666718750005 0.5870370375 0.4479166671875 0.5648148140625 0.44895833281249997 0.5555555562500001 0.4526041671875 0.5481481484375 0.4505208328125 0.540740740625 0.4526041671875 0.5018518515625 0.4692708328125 0.46851851875 0.4796875 0.4611111109375 0.4859375 0.4509259265625 0.49375 0.44907407343749994 0.49583333281249997 0.44351851875000003 0.4953125 0.434259259375 0.4859375 0.42222222187499997 0.48229166718750005 0.4074074078125 0.47291666718750003 0.4046296296875 0.46979166718750004 0.3898148140625 0.43958333281249995 0.3796296296875 0.4375 0.3851851859375 0.42864583281249996 0.3898148140625 0.4145833328125 0.40648148125 0.4050348953125 0.4268518515625 0.3994791671875 0.4268518515625 0.3953125 0.43148148124999997 0.3921875 0.45277777812500003 0.3880208328125 0.4546296296875 0.3854166671875 0.4620370375 0.3854166671875 0.47592592656250005 0.38229166718749996 0.4861111109375 0.3817708328125 0.503703703125 0.4088541671875 0.565740740625 0.4171875 0.5944444437499999 0.4171875 0.602777778125
1 0.2984375 0.5935185187500001 0.2979166671875 0.5990740734375 0.3020833328125 0.60555555625 0.3104166671875 0.6111111109375 0.321875 0.6361111109375 0.3265625 0.6564814812499999 0.3302083328125 0.6620370375 0.3416666671875 0.66944444375 0.3484375 0.66944444375 0.3609375 0.6555555562500001 0.3723958328125 0.6518518515625 0.3942708328125 0.634259259375 0.39895833281250004 0.6148148140624999 0.4109375 0.6120370375 0.41614583281249995 0.6018518515625 0.40989583281249997 0.5722222218749999 0.39895833281250004 0.5509259265625001 0.3947916671875 0.5333333328125 0.3869791671875 0.521296296875 0.384375 0.5111111109375 0.3786458328125 0.5046296296875 0.3723958328125 0.4879629625 0.3609375 0.47592592656250005 0.3583333328125 0.4675925921875 0.3416666671875 0.44629629687500005 0.3375 0.44629629687500005 0.3348958328125 0.4388888890625 0.3177083328125 0.4361111109375 0.2984375 0.447222221875 0.284375 0.48333333281249996 0.2786458328125 0.5240740734375 0.28177083281250004 0.5722222218749999 0.2869791671875 0.5851851859375 0.2984375 0.5935185187500001
1 0.3229166671875 0.7509259265625 0.3234375 0.759259259375 0.31875 0.775 0.3151041671875 0.8101851859375 0.3182291671875 0.8203703703125 0.3182291671875 0.8361111109375001 0.321875 0.8425925921875 0.3255208328125 0.872222221875 0.3427083328125 0.9037037031249999 0.353125 0.9111111109375001 0.3645833328125 0.9148148140625001 0.3729166671875 0.9111111109375001 0.390625 0.884259259375 0.3973958328125 0.8824074078124999 0.40260416718750003 0.8740740734375001 0.4067708328125 0.8601851859374999 0.41302083281249996 0.85648148125 0.41510416718750004 0.8462962968750001 0.42760416718750005 0.8398148140625 0.43645833281249996 0.8148148140625 0.44635416718750004 0.8101851859375 0.45208333281249996 0.8 0.453125 0.7898148140625 0.4635416671875 0.7787037031249999 0.46302083281249995 0.75555555625 0.4515625 0.7138888890625 0.446875 0.70555555625 0.446875 0.6972222218749999 0.43645833281249996 0.6481481484375 0.4270833328125 0.6388888890625 0.4234375 0.6379629625 0.41822916718750003 0.6453703703125 0.41197916718750005 0.6398148140625 0.3921875 0.6388888890625 0.3385416671875 0.6731481484375 0.33645833281250004 0.68148148125 0.3338541671875 0.6861111109375 0.3296875 0.6851851859375 0.32760416718749996 0.6925925921875 0.3291666671875 0.702777778125 0.3255208328125 0.7194444437499999 0.3270833328125 0.7333333328125 0.3229166671875 0.7509259265625
1 0.690625 0.975 0.6927083328125 0.984259259375 0.7145833328125 0.9666666671874999 0.7182291671875001 0.959259259375 0.7328125 0.9472222218749999 0.7328125 0.9231481484374999 0.725 0.8888888890625 0.7166666671875 0.875 0.7046875 0.8638888890624999 0.7010416671875 0.8611111109375 0.6984375 0.8648148140625 0.6989583328125 0.8731481484374999 0.6901041671875 0.9111111109375001 0.6958333328124999 0.9370370375 0.6901041671875 0.95555555625 0.6833333328125 0.9675925921875 0.690625 0.975
1 0.1604166671875 0.7759259265625 0.1703125 0.7888888890625 0.1739583328125 0.7981481484375 0.1859375 0.80648148125 0.18802083281249998 0.8120370375 0.1953125 0.81851851875 0.2515625 0.8259259265625 0.25052083281250004 0.7879629625 0.253125 0.76944444375 0.25052083281250004 0.7583333328124999 0.2515625 0.74351851875 0.2703125 0.7111111109375 0.2869791671875 0.6981481484375001 0.3145833328125 0.6861111109375 0.3161458328125 0.6805555562500001 0.315625 0.659259259375 0.3057291671875 0.627777778125 0.2791666671875 0.5944444437499999 0.2328125 0.5925925921874999 0.1973958328125 0.6083333328125 0.1885416671875 0.6231481484375 0.1859375 0.634259259375 0.1755208328125 0.6425925921875 0.1703125 0.6611111109375 0.165625 0.665740740625 0.1651041671875 0.6759259265625001 0.1619791671875 0.684259259375 0.15625 0.6888888890625 0.1494791671875 0.7083333328125 0.1515625 0.7240740734375 0.15 0.74444444375 0.15572916718750002 0.75648148125 0.1604166671875 0.7759259265625
1 0.2604166671875 0.827777778125 0.2625 0.8481481484375 0.2703125 0.8648148140625 0.2911458328125 0.89351851875 0.2984375 0.8981481484374999 0.3057291671875 0.909259259375 0.3104166671875 0.9074074078125 0.3177083328125 0.91944444375 0.3244791671875 0.915740740625 0.3296875 0.91851851875 0.33645833281250004 0.9129629625 0.3416666671875 0.9037037031249999 0.3348958328125 0.89444444375 0.3296875 0.8768518515625001 0.3265625 0.8759259265624999 0.3229166671875 0.8641203703125001 0.3223958328125 0.8453703703125001 0.31875 0.8444444437499999 0.3161458328125 0.8324074078124999 0.3177083328125 0.8222222218749999 0.3145833328125 0.80648148125 0.3177083328125 0.7916666671875 0.3166666671875 0.7768518515625 0.3229166671875 0.75555555625 0.321875 0.7490740734375 0.3239583328125 0.7351851859375 0.3223958328125 0.7185185187500001 0.31875 0.70555555625 0.3046875 0.6953703703125 0.284375 0.7009259265625001 0.2666666671875 0.7185185187500001 0.2567708328125 0.7351851859375 0.2526041671875 0.747222221875 0.2520833328125 0.796296296875 0.2552083328125 0.8101851859375 0.2546875 0.81851851875 0.2604166671875 0.827777778125
1 0.40416666718750005 0.31851851875000003 0.4067708328125 0.322222221875 0.40833333281249995 0.334259259375 0.4088541671875 0.328703703125 0.41197916718750005 0.328703703125 0.4296875 0.3009259265625 0.43333333281249997 0.2870370375 0.4390625 0.28611111093749997 0.4427083328125 0.2796296296875 0.440625 0.272222221875 0.44322916718750005 0.2638888890625 0.4401041671875 0.2611111109375 0.41875 0.2638888890625 0.40208333281249997 0.27870370312500004 0.39114583281250004 0.30648148124999997 0.390625 0.321296296875 0.3921875 0.3231481484375 0.3958333328125 0.3166666671875 0.40416666718750005 0.31851851875000003
1 0.21614583281250002 0.1925925921875 0.2244791671875 0.21574074062499998 0.22291666718749997 0.2638888890625 0.2401041671875 0.2638888890625 0.2453125 0.271296296875 0.24583333281250003 0.2796296296875 0.2359375 0.29444444375 0.2427083328125 0.3083333328125 0.26614583281250004 0.322222221875 0.2838541671875 0.31851851875000003 0.2907984375 0.3101851859375 0.3140625 0.3111111109375 0.315625 0.3083333328125 0.3234375 0.2768518515625 0.3255208328125 0.2416666671875 0.31875 0.21574074062499998 0.3104166671875 0.1981481484375 0.2796875 0.172222221875 0.2635416671875 0.1666666671875 0.2244791671875 0.1703703703125 0.2114583328125 0.17962962968750001 0.2078125 0.1925925921875 0.20833333281250002 0.1990740734375 0.2109375 0.1925925921875 0.21614583281250002 0.1925925921875
1 0.1932291671875 0.3518518515625 0.196875 0.3518518515625 0.2046875 0.3379629625 0.20833333281250002 0.3120370375 0.21354166718749998 0.29722222187499997 0.21979166718749998 0.302777778125 0.21875 0.30740740781250003 0.2203125 0.3111111109375 0.22395833281250002 0.3111111109375 0.228125 0.302777778125 0.22291666718749997 0.29351851875 0.21979166718749998 0.272222221875 0.2244791671875 0.21203703749999997 0.21614583281250002 0.197222221875 0.2130208328125 0.197222221875 0.2104166671875 0.2018518515625 0.2046875 0.20277777812500003 0.196875 0.2166666671875 0.1854166671875 0.22685185156249998 0.1666666671875 0.2629629625 0.165625 0.27870370312500004 0.1614583328125 0.284259259375 0.1598958328125 0.29444444375 0.1604166671875 0.322222221875 0.1697916671875 0.34722222187499996 0.1885416671875 0.34444444375 0.1932291671875 0.3518518515625
1 0.1729166671875 0.4879629625 0.1765625 0.48425925937500003 0.1901041671875 0.48425925937500003 0.1979166671875 0.47407407343749997 0.21770833281250002 0.4611111109375 0.2260416671875 0.4731481484375 0.228125 0.497222221875 0.2401041671875 0.4953703703125 0.24635416718749997 0.48981481406249994 0.25625 0.49259259218749996 0.26875 0.4824074078125 0.2796875 0.46296296249999996 0.2859375 0.4148148140625 0.2598958328125 0.3518518515625 0.2515625 0.3453703703125 0.2364583328125 0.34722222187499996 0.2322916671875 0.3518518515625 0.2192708328125 0.3490740734375 0.20833333281250002 0.36666666718749996 0.20416666718749998 0.3953703703125 0.2 0.4 0.20052083281250002 0.403703703125 0.2046875 0.40648148125 0.1953125 0.42870370312499995 0.18125 0.4379629625 0.16458333281249998 0.4361111109375 0.1614583328125 0.44444444375 0.1604166671875 0.4574074078125 0.1671875 0.47222222187499996 0.1692708328125 0.48425925937500003 0.1729166671875 0.4879629625
1 0 0.7861111109375 0.0109375 0.7879629625 0.0166666671875 0.7925925921875 0.040625 0.7898148140625 0.0713541671875 0.775 0.0901041671875 0.7546296296875 0.0947916671875 0.7398148140624999 0.1015625 0.7296296296875 0.1244791671875 0.678703703125 0.125 0.6611111109375 0.12291666718750001 0.6546296296875 0.1270833328125 0.647222221875 0.1276041671875 0.6398148140625 0.1234375 0.6268518515625 0.12395833281249999 0.622222221875 0.1197916671875 0.61944444375 0.11510416718750001 0.6083333328125 0.1078125 0.6046296296875 0.10364583281249999 0.5981481484375 0.0901041671875 0.5935185187500001 0.065625 0.5925925921874999 0.055208332812500004 0.5981481484375 0.0364583328125 0.5916666671875 0.0166666671875 0.5990740734375 0 0.5981481484375 0 0.7861111109375
1 0 0.91944444375 0.0109375 0.9259259265625 0.0192708328125 0.965740740625 0.0239583328125 0.975 0.0302083328125 0.978703703125 0.0880208328125 0.9870370375 0.09375 0.9833333328125 0.1010416671875 0.9685185187500001 0.12291666718750001 0.9388888890624999 0.128125 0.9166666671874999 0.1270833328125 0.9074074078125 0.1119791671875 0.8583333328125 0.0916666671875 0.815740740625 0.0880208328125 0.815740740625 0.0765625 0.8046296296875 0.0666666671875 0.8129629625 0.0536458328125 0.80648148125 0.034375 0.80648148125 0.0203125 0.8148148140625 0.0140625 0.8120370375 0.0057291671875 0.8138888890624999 0 0.821296296875 0 0.91944444375
1 0.2203125 0.9916666671875 0.2296875 0.9824074078124999 0.2364583328125 0.9824074078124999 0.2479166671875 0.972222221875 0.2609375 0.9675925921875 0.2723958328125 0.9583333328125001 0.2692708328125 0.9472222218749999 0.2609375 0.934259259375 0.2203125 0.9046296296874999 0.209375 0.9 0.1963541671875 0.9 0.1916666671875 0.9037037031249999 0.1901041671875 0.9148148140625001 0.1890625 0.9277777781250001 0.2114583328125 0.9740740734375001 0.2171875 0.9796296296874999 0.2203125 0.9916666671875
1 0.1421875 0.896296296875 0.1473958328125 0.890740740625 0.1520833328125 0.896296296875 0.1515625 0.9240740734375 0.1625 0.925 0.175 0.9129629625 0.1833333328125 0.8990740734375 0.184375 0.877777778125 0.18697916718750002 0.8731481484374999 0.1901041671875 0.85 0.19479166718750002 0.8462962968750001 0.1994791671875 0.8333333328125001 0.1859375 0.8240740734375 0.1822916671875 0.825 0.1796875 0.834259259375 0.16875 0.8268518515625001 0.1583333328125 0.840740740625 0.15 0.8416666671874999 0.146875 0.8462962968750001 0.1432291671875 0.8601851859374999 0.1380208328125 0.86851851875 0.1385416671875 0.8861111109375001 0.1421875 0.896296296875
1 0 0.5925925921874999 0.0078125 0.5944444437499999 0.0328125 0.5898148140624999 0.051041667187499994 0.5768518515625 0.0578125 0.5759259265625001 0.0661458328125 0.5620370375 0.0765625 0.5574074078125 0.08072916718749999 0.5333333328125 0.0838541671875 0.5268518515625 0.0838541671875 0.5046296296875 0.07864583281250001 0.490740740625 0.0796875 0.48055555625 0.0739583328125 0.4675925921875 0.075 0.4546296296875 0.0536458328125 0.40555555625000006 0.0484375 0.3879629625 0.0385416671875 0.375 0.0260416671875 0.371296296875 0.021875 0.3583333328125 0.0109375 0.3574074078125 0.0015625 0.34629629687499996 0 0.34629629687499996 0 0.5925925921874999
1 0.3416666671875 0.43333333281249997 0.3375 0.4388888890625 0.36770833281250004 0.4824074078125 0.371875 0.48425925937500003 0.3770833328125 0.48425925937500003 0.3828125 0.477777778125 0.3828125 0.4675925921875 0.3885416671875 0.4509259265625 0.3932291671875 0.425 0.4067708328125 0.41851851875 0.4192708328125 0.39444444375 0.4145833328125 0.3490740734375 0.4046875 0.34351851875 0.3770833328125 0.3509259265625 0.3609375 0.365740740625 0.3494791671875 0.371296296875 0.3458333328125 0.3796296296875 0.35 0.4 0.3479166671875 0.4240740734375 0.3463541671875 0.43518518593750005 0.3416666671875 0.43333333281249997
1 0.3026041671875 0.42314814843750004 0.30625 0.4296296296875 0.3140625 0.43240740781250003 0.3380208328125 0.43518518593750005 0.3395833328125 0.39444444375 0.3380208328125 0.3740740734375 0.3098958328125 0.328703703125 0.29375 0.321296296875 0.26875 0.3453703703125 0.2640625 0.353703703125 0.26510416718749996 0.36296296250000004 0.28854166718749996 0.41944444374999995 0.3026041671875 0.42314814843750004
1 0.10729166718750001 0.5416666671875 0.12395833281249999 0.5333333328125 0.1359375 0.5175925921875 0.1546875 0.48333333281249996 0.1588541671875 0.4601851859375 0.1572916671875 0.44907407343749994 0.1598958328125 0.43981481406249995 0.159375 0.42129629687500003 0.1619791671875 0.4129629625 0.1604166671875 0.403703703125 0.1703125 0.36944444375 0.1697916671875 0.365740740625 0.1661458328125 0.3601851859375 0.1583333328125 0.3601851859375 0.15625 0.3731481484375 0.1234375 0.3981481484375 0.109375 0.4129629625 0.10052083281249999 0.43518518593750005 0.09114583281250001 0.44629629687500005 0.0901041671875 0.4509259265625 0.0895833328125 0.4731481484375 0.1015625 0.5074074078125 0.1015625 0.5370370375 0.10729166718750001 0.5416666671875
1 0.1020833328125 0.32777777812500003 0.0994791671875 0.3620370375 0.0958333328125 0.3768518515625 0.0958333328125 0.3888888890625 0.096875 0.4175925921875 0.10364583281249999 0.42129629687500003 0.1260416671875 0.3925925921875 0.12395833281249999 0.375 0.1302083328125 0.35648148125 0.1354166671875 0.3166666671875 0.1276041671875 0.2824074078125 0.11927083281249999 0.2638888890625 0.1109375 0.2629629625 0.11145833281249999 0.2675925921875 0.10364583281249999 0.27777777812500004 0.1010416671875 0.29444444375 0.10364583281249999 0.296296296875 0.10625 0.30555555624999997 0.1046875 0.322222221875 0.1020833328125 0.32777777812500003
1 0.0921875 0.44351851875000003 0.0994791671875 0.43333333281249997 0.10052083281249999 0.4268518515625 0.096875 0.42314814843750004 0.0973958328125 0.4074074078125 0.09427083281250001 0.38055555625 0.0994791671875 0.352777778125 0.0994791671875 0.3333333328125 0.0953125 0.33148148125 0.0927083328125 0.3351851859375 0.0682291671875 0.3768518515625 0.06510416718749999 0.3888888890625 0.058854167187499994 0.4 0.0609375 0.41944444374999995 0.0692708328125 0.44166666718750003 0.0770833328125 0.4509259265625 0.0921875 0.44351851875000003
1 0.3828125 0.990740740625 0.3776041671875 0.965740740625 0.3651041671875 0.9453703703125 0.3578125 0.940740740625 0.3494791671875 0.9398148140625 0.3260416671875 0.946296296875 0.30416666718749996 0.9666666671874999 0.3083333328125 0.9990740734375001 0.3578125 0.9990740734375001 0.3796875 0.9953703703125001 0.3828125 0.990740740625
1 0.2182291671875 0.9916666671875 0.2182291671875 0.9861111109375 0.21614583281250002 0.98055555625 0.21354166718749998 0.98055555625 0.20833333281250002 0.965740740625 0.2088541671875 0.9620370375 0.20208333281250002 0.9574074078124999 0.1979166671875 0.9453703703125 0.1776041671875 0.9240740734375 0.1734375 0.9268518515625 0.1708333328125 0.9231481484374999 0.1609375 0.9277777781250001 0.153125 0.9259259265625 0.1494791671875 0.928703703125 0.1463541671875 0.9370370375 0.14114583281249998 0.9388888890624999 0.1385416671875 0.9361111109375001 0.1270833328125 0.9379629625 0.12395833281249999 0.946296296875 0.12291666718750001 0.9638888890624999 0.11510416718750001 0.9851851859374999 0.11510416718750001 0.9916666671875 0.1223958328125 0.9990740734375001 0.2125 0.9990740734375001 0.2182291671875 0.9916666671875
1 0.5875 0.2851851859375 0.5953125 0.2953703703125 0.6020833328124999 0.290740740625 0.6140625 0.29444444375 0.6046875 0.24351851875000002 0.5989583328125 0.23611111093749998 0.5828125 0.2259259265625 0.5776041671875001 0.2175925921875 0.5598958328125 0.22407407343750002 0.5578125 0.23148148124999998 0.5515625 0.23518518593749999 0.5494791671875 0.24444444375000002 0.5432291671875 0.252777778125 0.5421875 0.271296296875 0.5479166671875 0.27870370312500004 0.5651041671875 0.2759259265625 0.5875 0.2851851859375
1 0.3348958328125 0.322222221875 0.35989583281250004 0.3046296296875 0.3619791671875 0.29814814843750004 0.353125 0.28796296250000003 0.353125 0.2638888890625 0.3567708328125 0.24444444375000002 0.3348958328125 0.23148148124999998 0.3244791671875 0.23148148124999998 0.3260416671875 0.2416666671875 0.3244791671875 0.2731481484375 0.3161458328125 0.3101851859375 0.3348958328125 0.322222221875