1 0.5796875 0.22407407343750002 0.5880208328125 0.2259259265625 0.6119791671875 0.2611111109375 0.61875 0.31944444375000003 0.6140625 0.353703703125 0.6161458328125 0.3509259265625 0.6197916671875 0.3546296296875 0.6307291671875 0.34629629687499996 0.6494791671875 0.3129629625 0.6692708328125 0.2851851859375 0.6802083328124999 0.26203703749999996 0.6802083328124999 0.24907407343750002 0.6859375 0.23518518593749999 0.6901041671875 0.20833333281250002 0.6890625 0.165740740625 0.6854166671875 0.15925925937500002 0.6838541671875 0.14444444375 0.6770833328125 0.1268518515625 0.6776041671875 0.109259259375 0.6708333328125 0.0981481484375 0.6692708328125 0.08796296249999999 0.6625 0.07962962968750001 0.6489583328124999 0.077777778125 0.60625 0.0990740734375 0.5802083328125 0.125 0.5755208328125 0.1425925921875 0.571875 0.14444444375 0.565625 0.165740740625 0.5609375 0.1981481484375 0.5625 0.209259259375 0.5609375 0.2175925921875 0.5734375 0.2166666671875 0.5796875 0.22407407343750002
1 0.4848958328125 0.40277777812500004 0.49583333281249997 0.4138888890625 0.5010416671875 0.43148148124999997 0.5166666671875 0.44166666718750003 0.5401041671875 0.47592592656250005 0.5677083328125 0.497222221875 0.5791666671875 0.49629629687500004 0.5817708328125 0.490740740625 0.6088541671875001 0.465740740625 0.609375 0.45 0.6020833328124999 0.43148148124999997 0.6015625 0.42222222187499997 0.6046875 0.38148148125 0.6161458328125 0.352777778125 0.6177083328124999 0.31851851875000003 0.6151041671875 0.290740740625 0.609375 0.26203703749999996 0.5989583328125 0.24351851875000002 0.5942708328124999 0.240740740625 0.5916666671875 0.23333333281250002 0.5796875 0.2259259265625 0.5755208328125 0.21944444375 0.5635416671875 0.2203703703125 0.5557291671875 0.225 0.546875 0.221296296875 0.5385416671875001 0.23148148124999998 0.5302083328125 0.22870370312500002 0.5 0.2518518515625 0.471875 0.290740740625 0.4703125 0.29814814843750004 0.4703125 0.3324074078125 0.4796875 0.36944444375 0.4791666671875 0.38055555625 0.4848958328125 0.40277777812500004
1 0.6260416671875 0.475 0.6291666671875 0.47407407343749997 0.6421875 0.48703703750000005 0.6458333328125 0.48518518593750004 0.6619791671875 0.49629629687500004 0.665625 0.49259259218749996 0.6890625 0.49444444374999996 0.6932291671875 0.48425925937500003 0.6973958328125 0.490740740625 0.709375 0.490740740625 0.7484375 0.45648148125 0.753125 0.44351851875000003 0.7494791671875001 0.41018518593750003 0.7463541671875 0.4046296296875 0.7291666671875 0.302777778125 0.7213541671875 0.2833333328125 0.7151041671875 0.2768518515625 0.7130208328125 0.2666666671875 0.703125 0.26203703749999996 0.7010416671875 0.2509259265625 0.6864583328125 0.2518518515625 0.6704859375 0.28858055625 0.6505208328125 0.31944444375000003 0.65 0.32777777812500003 0.646875 0.3351851859375 0.6348958328125 0.3481481484375 0.6317708328125 0.35555555625 0.6223958328125 0.3611111109375 0.6177083328124999 0.3731481484375 0.6119791671875 0.3768518515625 0.6052083328125 0.4 0.6046875 0.42870370312499995 0.6119791671875 0.45277777812500003 0.61875 0.4583333328125 0.6260416671875 0.475
0 0.6567708328124999 0.690740740625 0.6703125 0.6888888890625 0.671875 0.672222221875 0.6776041671875 0.6731481484375 0.6828125 0.665740740625 0.6828125 0.6537037031249999 0.6765625 0.64351851875 0.6755208328125 0.6370370375000001 0.6760416671875 0.6231481484375 0.6713541671875001 0.6166666671875001 0.6630208328125 0.6166666671875001 0.65 0.627777778125 0.6458333328125 0.6351851859375001 0.6427083328125 0.65 0.6421875 0.6601851859375001 0.6458333328125 0.6740740734374999 0.6520833328125 0.678703703125 0.6567708328124999 0.690740740625
0 0.6630208328125 0.7481481484375 0.6697916671875 0.753703703125 0.68125 0.747222221875 0.6822916671875 0.7351851859375 0.6739583328125 0.709259259375 0.6541666671875 0.6990740734374999 0.6458333328125 0.7120370375 0.646875 0.727777778125 0.6541666671875 0.7490740734375 0.6630208328125 0.7481481484375
0 0.9838541671875 0.43240740781250003 0.9885416671874999 0.42129629687500003 0.9885416671874999 0.415740740625 0.9838541671875 0.403703703125 0.9697916671875 0.39351851875 0.9598958328125 0.397222221875 0.9510416671874999 0.4074074078125 0.9510416671874999 0.42129629687500003 0.9588541671874999 0.4388888890625 0.9760416671875 0.44166666718750003 0.9838541671875 0.43240740781250003
0 0.3885416671875 0.51851851875 0.396875 0.5018518515625 0.3953125 0.4861111109375 0.3807291671875 0.47407407343749997 0.3739583328125 0.477777778125 0.36770833281250004 0.497222221875 0.3734375 0.5101851859375001 0.37447916718749996 0.51851851875 0.3885416671875 0.51851851875
0 0.178125 0.4268518515625 0.1822916671875 0.4148148140625 0.1796875 0.409259259375 0.1619791671875 0.40555555625000006 0.14895833281249998 0.4166666671875 0.1458333328125 0.42314814843750004 0.1484375 0.42870370312499995 0.1677083328125 0.434259259375 0.178125 0.4268518515625
2 0.071875 0.46944444374999994 0.05989583281250001 0.46388888906250003 0.0458333328125 0.4796296296875 0.0385416671875 0.49259259218749996 0.0348958328125 0.50648148125 0.0307291671875 0.509259259375 0.029166667187500002 0.5166666671875 0.0765625 0.5175925921875 0.0802083328125 0.497222221875 0.071875 0.46944444374999994
2 0.5036458328125 0.1888888890625 0.5036458328125 0.1925925921875 0.5088541671875 0.20370370312500002 0.5291666671875 0.2166666671875 0.5307291671875001 0.22407407343750002 0.5333333328125 0.2259259265625 0.54375 0.1888888890625 0.5411458328125 0.1851851859375 0.5416666671875 0.171296296875 0.5489583328125 0.1611111109375 0.5463541671875001 0.15648148125 0.5447916671875 0.14444444375 0.5416666671875 0.1416666671875 0.5317708328124999 0.13981481406250001 0.5260416671875 0.1453703703125 0.5171875 0.146296296875 0.515625 0.15 0.5161458328124999 0.1601851859375 0.5119791671875 0.1648148140625 0.5088541671875 0.1851851859375 0.5036458328125 0.1888888890625
2 0.9317708328125001 0.3518518515625 0.9385416671875 0.3379629625 0.9354166671874999 0.3231481484375 0.9229166671875 0.322222221875 0.9145833328125 0.3296296296875 0.9119791671874999 0.3379629625 0.9125 0.3453703703125 0.9197916671874999 0.35555555625 0.9317708328125001 0.3518518515625
1 0.3828125 0.9351851859375 0.3885416671875 0.9416666671874999 0.3921875 0.9518518515625001 0.41302083281249996 0.975 0.4265625 0.9833333328125 0.43541666718750005 0.9833333328125 0.44322916718750005 0.9703703703125001 0.44739583281249995 0.953703703125 0.46510416718750003 0.934259259375 0.4739583328125 0.9305555562500001 0.47864583281249995 0.9083333328125001 0.48229166718750005 0.9037037031249999 0.48229166718750005 0.8851851859375 0.4859375 0.8796296296874999 0.48802083281249997 0.853703703125 0.48541666718750004 0.8324074078124999 0.4869791671875 0.8240740734375 0.4828125 0.7981481484375 0.48020833281249997 0.79351851875 0.4796875 0.7814814812499999 0.46302083281249995 0.753703703125 0.4479166671875 0.746296296875 0.43958333281249995 0.746296296875 0.4291666671875 0.7546296296875 0.43072916718750004 0.76851851875 0.4088541671875 0.765740740625 0.39114583281250004 0.7888888890625 0.3760416671875 0.827777778125 0.3739583328125 0.847222221875 0.3703125 0.8574074078124999 0.3739583328125 0.9074074078125 0.3828125 0.9351851859375
1 0.5265625 0.7046296296875 0.53125 0.7148148140624999 0.5416666671875 0.7185185187500001 0.5552083328124999 0.7324074078125 0.5755208328125 0.73148148125 0.59375 0.715740740625 0.6 0.696296296875 0.6026041671875 0.675 0.6010416671875001 0.6620370375 0.603125 0.65 0.6026041671875 0.6361111109375 0.6078125 0.61944444375 0.6083333328125 0.609259259375 0.6052083328125 0.602777778125 0.603125 0.571296296875 0.5916666671875 0.5398148140625 0.5802083328125 0.5314814812499999 0.5682291671875 0.5296296296875 0.5479166671875 0.534259259375 0.5197916671875 0.58055555625 0.5119791671875 0.6111111109375 0.5109375 0.646296296875 0.515625 0.6777777781250001 0.5208333328125 0.7009259265625001 0.5265625 0.7046296296875
1 0.6989583328125 0.9990740734375001 0.8135416671875 0.9990740734375001 0.8151041671874999 0.99444444375 0.8098958328125001 0.98148148125 0.8036458328125 0.975 0.8005208328125001 0.9546296296874999 0.7885416671875001 0.9370370375 0.7760416671875 0.925 0.775 0.91944444375 0.76875 0.9111111109375001 0.759375 0.8731481484374999 0.7260416671875001 0.8296296296874999 0.7098958328125 0.8203703703125 0.70625 0.8129629625 0.69375 0.8129629625 0.6895833328125 0.8046296296875 0.6817708328125 0.8046296296875 0.6744791671875 0.8101851859375 0.6697916671875 0.8046296296875 0.6640625 0.803703703125 0.6526041671875 0.8120370375 0.6411458328124999 0.8296296296874999 0.6244791671875001 0.8703703703125001 0.6197916671875 0.9111111109375001 0.6182291671875 0.9120370375 0.6192708328125 0.921296296875 0.6140625 0.9277777781250001 0.6104166671875 0.946296296875 0.6114583328125 0.9990740734375001 0.6880208328124999 0.9990740734375001 0.6895833328125 0.99444444375 0.6989583328125 0.9990740734375001
1 0.725 0.23611111093749998 0.7291666671875 0.2509259265625 0.7401041671875 0.2666666671875 0.759375 0.28148148125 0.7671875 0.2759259265625 0.7807291671875001 0.24722222187499998 0.7875 0.2388888890625 0.7875 0.21851851875 0.7947916671875 0.21203703749999997 0.7911458328125 0.171296296875 0.7869791671875 0.15925925937500002 0.7786458328125 0.14444444375 0.7703125 0.1361111109375 0.7484375 0.12592592656249998 0.7276041671875 0.1351851859375 0.7197916671875 0.1453703703125 0.7114583328124999 0.2046296296875 0.7109375 0.2166666671875 0.7135416671875 0.21944444375 0.7166666671875 0.23240740781250002 0.725 0.23611111093749998
1 0.7786458328125 0.2518518515625 0.7979166671875 0.24722222187499998 0.8291666671875 0.23240740781250002 0.859375 0.20740740781250003 0.8713541671874999 0.1851851859375 0.8734375 0.1574074078125 0.859375 0.1379629625 0.8177083328125001 0.14351851875 0.8088541671874999 0.15 0.7927083328125 0.172222221875 0.7921875 0.1925925921875 0.7895833328124999 0.1990740734375 0.7921875 0.20740740781250003 0.790625 0.2148148140625 0.784375 0.22407407343750002 0.7796875 0.21944444375 0.7744791671875 0.221296296875 0.7744791671875 0.23148148124999998 0.778125 0.2416666671875 0.7760416671875 0.24814814843750002 0.7786458328125 0.2518518515625
1 0.8635416671874999 0.2009259265625 0.8614583328125001 0.209259259375 0.8567708328125001 0.21296296250000002 0.846875 0.2370370375 0.8401041671874999 0.23611111093749998 0.8463541671874999 0.24259259218749998 0.8458333328125001 0.26944444375 0.8411458328125001 0.2740740734375 0.8411458328125001 0.2916666671875 0.8421875 0.29814814843750004 0.8453125 0.3009259265625 0.8494791671874999 0.29722222187499997 0.8588541671875 0.29814814843750004 0.859375 0.2851851859375 0.8645833328125001 0.2768518515625 0.86875 0.28055555625 0.8729166671874999 0.27870370312500004 0.8734375 0.26851851875 0.8802083328125001 0.2509259265625 0.8927083328125001 0.24814814843750002 0.9036458328125001 0.2388888890625 0.921875 0.2388888890625 0.9369791671875 0.234259259375 0.9453125 0.20648148125 0.946875 0.1851851859375 0.9447916671875 0.177777778125 0.9453125 0.1620370375 0.9401041671874999 0.140740740625 0.9354166671874999 0.13055555624999998 0.9302083328125 0.12592592656249998 0.9276041671874999 0.1166666671875 0.90625 0.097222221875 0.9005208328125001 0.1 0.8921875 0.097222221875 0.8802083328125001 0.109259259375 0.8645833328125001 0.1379629625 0.8739583328125 0.1574074078125 0.8734375 0.178703703125 0.8692708328125001 0.1925925921875 0.8635416671874999 0.2009259265625
1 0.8723958328125001 0.38240740781250004 0.8932291671874999 0.38333333281250004 0.9 0.3759259265625 0.9098958328125001 0.3731481484375 0.9151041671875 0.353703703125 0.9369791671875 0.33703703749999997 0.9390625 0.340740740625 0.946875 0.3296296296875 0.9479166671874999 0.31851851875000003 0.9541666671875 0.29722222187499997 0.9588541671874999 0.290740740625 0.9578125 0.275 0.9541666671875 0.259259259375 0.9359375 0.234259259375 0.9239583328125001 0.23240740781250002 0.9197916671874999 0.2370370375 0.903125 0.2370370375 0.8817708328125 0.24814814843750002 0.8572916671874999 0.275 0.8567708328125001 0.2870370375 0.846875 0.3018518515625 0.8458333328125001 0.3120370375 0.846875 0.33703703749999997 0.8453125 0.3453703703125 0.8489583328125001 0.3546296296875 0.8723958328125001 0.38240740781250004
1 0.8208333328125 0.45185185156249996 0.8296875 0.48148148125 0.8302083328125001 0.49351851875 0.8333333328125001 0.503703703125 0.8322916671874999 0.5129629625 0.8354166671875 0.5148148140625 0.8427083328125 0.5333333328125 0.8453125 0.5370370375 0.8572916671874999 0.5351851859375001 0.8770833328125001 0.521296296875 0.8765625 0.50648148125 0.8848958328125001 0.48055555625 0.8932291671874999 0.4675925921875 0.8953125 0.44629629687500005 0.8765625 0.3925925921875 0.8729166671874999 0.3888888890625 0.86875 0.3898148140625 0.8630208328125001 0.3740740734375 0.8515625 0.3601851859375 0.8401041671874999 0.35555555625 0.8145833328125001 0.35925925937500003 0.8041666671875 0.36851851875 0.7994791671875 0.3768518515625 0.7984375 0.396296296875 0.8026041671874999 0.415740740625 0.8125 0.440740740625 0.8208333328125 0.45185185156249996
1 0.7791666671875 0.6620370375 0.7833333328125 0.6629629625 0.7890625 0.672222221875 0.8463541671874999 0.6981481484375001 0.8526041671875 0.7083333328125 0.8661458328125 0.709259259375 0.8760416671875 0.715740740625 0.9010416671874999 0.7101851859375 0.9067708328125 0.7018518515625 0.9067708328125 0.6888888890625 0.9041666671874999 0.6768518515624999 0.9 0.672222221875 0.9 0.665740740625 0.8953125 0.66851851875 0.8848958328125001 0.6666666671875 0.8822916671875 0.6740740734374999 0.8770833328125001 0.675 0.8723958328125001 0.6833333328125 0.8526041671875 0.665740740625 0.8578125 0.64351851875 0.8557291671874999 0.6379629625 0.8583333328125 0.6268518515625 0.8578125 0.5833333328125 0.8401041671874999 0.5638888890625 0.8171875 0.5555555562500001 0.8119791671875 0.5629629625 0.7984375 0.5675925921875 0.7677083328125 0.5925925921874999 0.7635416671875 0.602777778125 0.7619791671875 0.6148148140624999 0.7666666671875 0.64444444375 0.7723958328125 0.6481481484375 0.7791666671875 0.6620370375
1 0.8645833328125001 0.6537037031249999 0.8729166671874999 0.6638888890625 0.8760416671875 0.6574074078125001 0.8927083328125001 0.659259259375 0.9010416671874999 0.6638888890625 0.9057291671875 0.675 0.9083333328125001 0.6925925921875 0.9072916671875 0.7046296296875 0.9114583328125001 0.7120370375 0.9307291671875 0.728703703125 0.9520833328125 0.740740740625 0.965625 0.7388888890625 0.9744791671874999 0.7425925921875 0.9994791671875 0.7361111109375 0.9994791671875 0.5768518515625 0.9868057296874999 0.5731481484375001 0.9776041671875 0.55648148125 0.9625 0.55 0.9520833328125 0.534259259375 0.9151041671875 0.515740740625 0.8890625 0.5231481484375 0.8723958328125001 0.5379629625 0.8666666671875 0.5481481484375 0.8598958328125 0.5694444437499999 0.8588541671875 0.584259259375 0.8614583328125001 0.60648148125 0.8598958328125 0.6129629624999999 0.8645833328125001 0.6537037031249999
1 0.8703125 0.88148148125 0.8729166671874999 0.8898148140625001 0.8802083328125001 0.896296296875 0.8921875 0.89351851875 0.8984375 0.9111111109375001 0.9057291671875 0.921296296875 0.9125 0.9240740734375 0.9307291671875 0.9416666671874999 0.9416666671874999 0.9453703703125 0.9458333328125 0.952777778125 0.9567708328125001 0.9620370375 0.9666666671874999 0.965740740625 0.9854166671875 0.9638888890624999 0.9916666671875 0.9583333328125001 0.9994791671875 0.9444444437499999 0.9994791671875 0.7925925921875 0.9942708328125001 0.7861111109375 0.990625 0.75555555625 0.9864583328125001 0.747222221875 0.9776041671875 0.747222221875 0.9677083328125 0.7416666671875001 0.95625 0.74444444375 0.9432291671874999 0.7379629624999999 0.9348958328125001 0.7379629624999999 0.9114583328125001 0.7175925921874999 0.875 0.7194444437499999 0.8651041671874999 0.7111111109375 0.8588541671875 0.7111111109375 0.8515625 0.7194444437499999 0.8447916671875 0.771296296875 0.8432291671875 0.8 0.8552083328125001 0.8648148140625 0.8609375 0.8740740734375001 0.8703125 0.88148148125
1 0.709375 0.8120370375 0.7125 0.8175925921875 0.7166666671875 0.815740740625 0.7609375 0.8703703703125001 0.7697916671875 0.9074074078125 0.7817708328124999 0.9277777781250001 0.8026041671874999 0.953703703125 0.8072916671874999 0.9546296296874999 0.8197916671875 0.9675925921875 0.8317708328125001 0.9694444437499999 0.8416666671874999 0.9620370375 0.8453125 0.915740740625 0.8432291671875 0.8953703703125001 0.8484375 0.884259259375 0.846875 0.8703703703125001 0.85 0.8518518515625001 0.8385416671874999 0.8018518515625 0.8317708328125001 0.790740740625 0.8270833328125 0.7703703703125 0.8203125 0.7629629625 0.8203125 0.75555555625 0.8182291671874999 0.7518518515625 0.8067708328125001 0.7453703703125 0.803125 0.7333333328125 0.790625 0.7296296296875 0.7848958328125 0.7203703703125 0.7682291671875 0.7203703703125 0.7526041671875 0.728703703125 0.7265625 0.7518518515625 0.7208333328125 0.7620370375000001 0.715625 0.765740740625 0.6979166671875 0.7666666671875 0.6885416671875 0.7814814812499999 0.6869791671875001 0.7990740734374999 0.6932291671875 0.8055555562500001 0.7015625 0.80648148125 0.709375 0.8120370375
1 0.684375 0.6425925921875 0.6828125 0.6509259265625 0.6848958328125 0.6564814812499999 0.6723958328124999 0.79444444375 0.6760416671875 0.79444444375 0.6864583328125 0.784259259375 0.6963541671875 0.7648148140625 0.7197916671875 0.7629629625 0.7640625 0.7203703703125 0.7614583328125 0.7101851859375 0.7625 0.6972222218749999 0.759375 0.678703703125 0.75625 0.6731481484375 0.7546875 0.6555555562500001 0.7489583328125 0.6453703703125 0.7401041671875 0.61851851875 0.7010416671875 0.58055555625 0.68125 0.58055555625 0.6776041671875 0.5916666671875 0.6708333328125 0.5944444437499999 0.665625 0.6120370375 0.675 0.61944444375 0.678125 0.6324074078125 0.684375 0.6425925921875
1 0.5390625 0.872222221875 0.546875 0.88055555625 0.546875 0.8898148140625001 0.5572916671875 0.9101851859375 0.5890625 0.9361111109375001 0.6015625 0.9379629625 0.609375 0.9351851859375 0.61875 0.9037037031249999 0.6192708328125 0.8870370375000001 0.625 0.865740740625 0.6401041671875001 0.83055555625 0.6588541671875 0.8046296296875 0.6635416671875001 0.7925925921875 0.6630208328125 0.7824074078125001 0.6560765625 0.7814814812499999 0.65 0.772222221875 0.6484375 0.75555555625 0.6395833328125 0.7212962968750001 0.6390625 0.7083333328125 0.6223958328125 0.675 0.6177083328124999 0.672222221875 0.6109375 0.6740740734374999 0.6036458328125 0.68148148125 0.5973958328125 0.7120370375 0.58125 0.73148148125 0.5723958328125 0.7379629624999999 0.5640625 0.7388888890625 0.55 0.7333333328125 0.5411458328125 0.722222221875 0.5364583328125 0.727777778125 0.5427083328125 0.7481481484375 0.5380208328125 0.8231481484375 0.5328125 0.8324074078124999 0.5390625 0.872222221875
1 0.9588541671874999 0.98055555625 0.9526041671875 0.9666666671874999 0.9385416671875 0.9472222218749999 0.9255208328125001 0.9416666671874999 0.9161458328125001 0.9277777781250001 0.8963541671874999 0.9175925921875001 0.8869791671874999 0.91944444375 0.8807291671874999 0.9111111109375001 0.8651041671874999 0.91944444375 0.8541666671874999 0.9305555562500001 0.8489583328125001 0.9305555562500001 0.8463541671874999 0.9351851859375 0.846875 0.9416666671874999 0.8416666671874999 0.9694444437499999 0.8328125 0.977777778125 0.8296875 0.9851851859374999 0.8276041671875 0.99444444375 0.83125 0.9990740734375001 0.953125 0.9990740734375001 0.9588541671874999 0.98055555625
1 0.4015625 0.6009259265625 0.39791666718749996 0.61944444375 0.39114583281250004 0.63148148125 0.3880208328125 0.6268518515625 0.3765625 0.634259259375 0.3859375 0.6555555562500001 0.40520833281249996 0.678703703125 0.4140625 0.6805555562500001 0.42864583281249996 0.6703703703125 0.44322916718750005 0.65 0.45208333281249996 0.6148148140624999 0.45520833281249995 0.5888888890625 0.45520833281249995 0.5833333328125 0.45208333281249996 0.5796296296875 0.453125 0.5666666671875 0.44895833281249997 0.5601851859375 0.44635416718750004 0.5453703703125 0.4390625 0.5453703703125 0.43541666718750005 0.5324074078125001 0.428125 0.5324074078125001 0.42291666718750004 0.5379629625 0.41510416718750004 0.5324074078125001 0.41041666718750003 0.54351851875 0.3921875 0.5638888890625 0.39114583281250004 0.5722222218749999 0.3953125 0.578703703125 0.3953125 0.590740740625 0.4015625 0.6009259265625
1 0.3260416671875 0.6370370375000001 0.32864583281250004 0.6268518515625 0.3369791671875 0.6231481484375 0.3739583328125 0.6268518515625 0.39375 0.625 0.396875 0.61851851875 0.3953125 0.5944444437499999 0.3885416671875 0.571296296875 0.3723958328125 0.54351851875 0.3578125 0.5296296296875 0.35104166718749996 0.5333333328125 0.3411458328125 0.5324074078125001 0.3348958328125 0.5379629625 0.31302083281250004 0.540740740625 0.30625 0.55648148125 0.30416666718749996 0.5731481484375001 0.2901041671875 0.5953703703125 0.2890625 0.603703703125 0.3015625 0.603703703125 0.31875 0.6166666671875001 0.3260416671875 0.6370370375000001
1 0.259375 0.4990740734375 0.265625 0.50555555625 0.2677083328125 0.5166666671875 0.278125 0.5240740734375 0.2796875 0.5287037031249999 0.296875 0.5453703703125 0.3067708328125 0.546296296875 0.3140625 0.5379629625 0.35 0.5314814812499999 0.3578125 0.527777778125 0.3619791671875 0.521296296875 0.35989583281250004 0.5120370375000001 0.3651041671875 0.5 0.36770833281250004 0.48518518593750004 0.3661458328125 0.4611111109375 0.3609375 0.4388888890625 0.3552083328125 0.434259259375 0.353125 0.42314814843750004 0.34427083281250004 0.40833333281249995 0.3203125 0.384259259375 0.3078125 0.377777778125 0.2984375 0.3796296296875 0.2927083328125 0.375 0.28177083281250004 0.38240740781250004 0.275 0.38055555625 0.2625 0.3916666671875 0.259375 0.4046296296875 0.2520833328125 0.41203703750000004 0.25052083281250004 0.42314814843750004 0.2494791671875 0.44629629687500005 0.2536458328125 0.4611111109375 0.2526041671875 0.47407407343749997 0.259375 0.4990740734375
1 0.2171875 0.7268518515625 0.2203125 0.7185185187500001 0.22760416718749998 0.7166666671875 0.23020833281250003 0.70555555625 0.2401041671875 0.6925925921875 0.24479166718749998 0.6759259265625001 0.2541666671875 0.6620370375 0.2677083328125 0.61944444375 0.271875 0.6138888890625 0.27395833281250004 0.5990740734375 0.2635416671875 0.5861111109375 0.23333333281250002 0.571296296875 0.21770833281250002 0.571296296875 0.2088541671875 0.578703703125 0.2 0.5796296296875 0.1932291671875 0.5898148140624999 0.1822916671875 0.5953703703125 0.17239583281249998 0.609259259375 0.1604166671875 0.6490740734375 0.15625 0.6555555562500001 0.1510416671875 0.6731481484375 0.1765625 0.7240740734375 0.1932291671875 0.7324074078125 0.2171875 0.7268518515625
1 0.25833333281250004 0.7166666671875 0.2703125 0.7370370375 0.28854166718749996 0.753703703125 0.2984375 0.7703703703125 0.3036458328125 0.7574074078125 0.3104166671875 0.7611111109375 0.31197916718749996 0.747222221875 0.3145833328125 0.74351851875 0.321875 0.7120370375 0.3270833328125 0.6768518515624999 0.3239583328125 0.634259259375 0.31875 0.61944444375 0.3135416671875 0.6111111109375 0.303125 0.60648148125 0.2901041671875 0.6083333328125 0.2713541671875 0.61851851875 0.2567708328125 0.6537037031249999 0.25625 0.6675925921875 0.259375 0.68148148125 0.25625 0.6972222218749999 0.25833333281250004 0.7166666671875
1 0.284375 0.9990740734375001 0.3604166671875 0.9990740734375001 0.3635416671875 0.996296296875 0.3807291671875 0.997222221875 0.3838541671875 0.99351851875 0.3838541671875 0.98148148125 0.3802083328125 0.9703703703125001 0.3703125 0.9629629625 0.3526041671875 0.921296296875 0.3447916671875 0.8981481484374999 0.3427083328125 0.877777778125 0.3390625 0.8740740734375001 0.33645833281250004 0.85648148125 0.33125 0.8481481484375 0.3302083328125 0.8370370375 0.3260416671875 0.8259259265625 0.3182291671875 0.8129629625 0.3036458328125 0.8148148140625 0.2744791671875 0.8333333328125001 0.2619791671875 0.852777778125 0.25833333281250004 0.865740740625 0.2541666671875 0.86851851875 0.2453125 0.884259259375 0.24375 0.896296296875 0.2552083328125 0.9388888890624999 0.2723958328125 0.9629629625 0.284375 0.9990740734375001
1 0.3223958328125 0.79351851875 0.3338541671875 0.81851851875 0.340625 0.8240740734375 0.3447916671875 0.8379629625 0.3583333328125 0.8444444437499999 0.3619791671875 0.85 0.3697916671875 0.85 0.3791666671875 0.8 0.3796875 0.665740740625 0.3734375 0.6546296296875 0.35989583281250004 0.6546296296875 0.3484375 0.6638888890625 0.328125 0.6888888890625 0.3213541671875 0.7185185187500001 0.3166666671875 0.7629629625 0.3140625 0.7675925921875 0.3171875 0.771296296875 0.3223958328125 0.79351851875
1 0.4192708328125 0.5259259265625 0.42777760468750003 0.5296296296875 0.4546875 0.5620370375 0.4604166671875 0.5601851859375 0.46302083281249995 0.5518518515624999 0.4661458328125 0.51944444375 0.4739583328125 0.5129629625 0.4817708328125 0.522222221875 0.4859375 0.54444444375 0.490625 0.5527777781250001 0.49427083281249995 0.5527777781250001 0.5026041671875 0.5370370375 0.47552083281249996 0.4574074078125 0.46302083281249995 0.4453703703125 0.453125 0.440740740625 0.4359375 0.4453703703125 0.421875 0.4583333328125 0.41822916718750003 0.4768518515625 0.41510416718750004 0.4824074078125 0.4145833328125 0.5074074078125 0.41875 0.5240740734375 0.415625 0.5287037031249999 0.4192708328125 0.5259259265625
1 0.5046875 0.5361111109375 0.5244791671875 0.5629629625 0.5359375 0.5518518515624999 0.5416666671875 0.5388888890625 0.5541666671875001 0.5287037031249999 0.5729166671875 0.5268518515625 0.5765625 0.521296296875 0.5760416671875 0.5120370375000001 0.5713541671875 0.5018518515625 0.5348958328125 0.47222222187499996 0.51875 0.45370370312499997 0.5151041671875001 0.44259259218749997 0.496875 0.43240740781250003 0.49010416718750005 0.4379629625 0.48802083281249997 0.44351851875000003 0.48645833281249995 0.4611111109375 0.48333333281249996 0.471296296875 0.49010416718750005 0.4981481484375 0.5046875 0.5361111109375
1 0.40416666718750005 0.378703703125 0.4166666671875 0.3796296296875 0.43645833281249996 0.3379629625 0.4390625 0.29907407343750003 0.43385416718750003 0.290740740625 0.3947916671875 0.2888888890625 0.390625 0.290740740625 0.3859375 0.3 0.3854166671875 0.309259259375 0.3932291671875 0.32777777812500003 0.403125 0.3648148140625 0.40416666718750005 0.378703703125
1 0 0.99444444375 0.0036458328125000003 0.9990740734375001 0.121875 0.9990740734375001 0.1302083328125 0.99351851875 0.13125 0.9768518515625001 0.1286458328125 0.975 0.1296875 0.9666666671874999 0.1265625 0.95648148125 0.1145833328125 0.9416666671874999 0.1119791671875 0.9277777781250001 0.10260416718750001 0.909259259375 0.0859375 0.8879629625 0.05 0.8648148140625 0.0463541671875 0.8490740734375001 0.0380208328125 0.8435185187500001 0.021354167187500002 0.8435185187500001 0.0161458328125 0.85555555625 0.009375 0.8546296296874999 0.0026041671875 0.865740740625 0 0.872222221875 0 0.99444444375
1 0.5208333328125 0.9925925921875001 0.5151041671875001 0.9888888890624999 0.5140625 0.9731481484375 0.5114583328125 0.965740740625 0.50625 0.965740740625 0.5005208328124999 0.95648148125 0.4973958328125 0.9453703703125 0.4869791671875 0.9481481484375 0.4828125 0.93148148125 0.475 0.9379629625 0.4609375 0.9398148140625 0.45520833281249995 0.9509259265625 0.446875 0.959259259375 0.4427083328125 0.9759259265625 0.4375 0.98055555625 0.43072916718750004 0.9990740734375001 0.5208333328125 0.9990740734375001 0.5213541671875 0.996296296875 0.5208333328125 0.9925925921875001
1 0.6088541671875001 0.9601851859374999 0.6 0.94351851875 0.5791666671875 0.9324074078125 0.575 0.9231481484374999 0.5651041671875 0.915740740625 0.5515625 0.9148148140625001 0.5427083328125 0.9231481484374999 0.5364583328125 0.94351851875 0.5291666671875 0.9509259265625 0.5291666671875 0.9583333328125001 0.53125 0.9620370375 0.5286458328125 0.98055555625 0.5229166671875001 0.9861111109375 0.525 0.9990740734375001 0.6052083328125 0.9990740734375001 0.6078125 0.99444444375 0.6088541671875001 0.9601851859374999
1 0.43854166718750004 0.6629629625 0.4375 0.66944444375 0.44739583281249995 0.69351851875 0.47447916718750005 0.702777778125 0.4838541671875 0.696296296875 0.4973958328125 0.6796296296875 0.5083333328124999 0.6620370375 0.509375 0.652777778125 0.5046875 0.63055555625 0.5046875 0.6259259265625 0.5083333328124999 0.622222221875 0.5067708328125 0.5981481484375 0.5015625 0.571296296875 0.49427083281249995 0.5601851859375 0.4869791671875 0.5555555562500001 0.48125 0.527777778125 0.4770833328125 0.5175925921875 0.4703125 0.5148148140625 0.4682291671875 0.51944444375 0.46666666718750005 0.5453703703125 0.4614583328125 0.5648148140625 0.44895833281249997 0.6425925921875 0.43854166718750004 0.6629629625
1 0.4234375 0.7601851859375001 0.43541666718750005 0.7453703703125 0.45208333281249996 0.7453703703125 0.45885416718750005 0.7351851859375 0.4671875 0.7101851859375 0.46666666718750005 0.7046296296875 0.4625 0.7009259265625001 0.4447916671875 0.6925925921875 0.4421875 0.68148148125 0.43541666718750005 0.66851851875 0.4140625 0.684259259375 0.3984375 0.6805555562500001 0.390625 0.6944444437499999 0.3921875 0.7129629625 0.3890625 0.75648148125 0.3958333328125 0.7620370375000001 0.4234375 0.7601851859375001
1 0.48229166718750005 0.7796296296875 0.4916666671875 0.7601851859375001 0.50625 0.7388888890625 0.5130208328125 0.7203703703125 0.5151041671875001 0.6990740734374999 0.5135416671875 0.6759259265625001 0.5088541671875 0.6648148140625 0.4859375 0.6953703703125 0.4713541671875 0.7046296296875 0.46666666718750005 0.7120370375 0.4609375 0.7324074078125 0.4526041671875 0.74351851875 0.46197916718750004 0.7490740734375 0.48229166718750005 0.7796296296875
1 0.7578125 0.434259259375 0.7557291671875 0.43518518593750005 0.7614583328125 0.4453703703125 0.7515625 0.459259259375 0.7380208328125 0.465740740625 0.7265625 0.4824074078125 0.7291666671875 0.525 0.7395833328125 0.54351851875 0.7520833328125 0.55 0.775 0.5740740734374999 0.790625 0.5722222218749999 0.7973958328124999 0.5629629625 0.8083333328125001 0.5601851859375 0.8145833328125001 0.5518518515624999 0.815625 0.540740740625 0.8239583328125001 0.5129629625 0.821875 0.503703703125 0.8229166671874999 0.49351851875 0.8192708328125 0.4879629625 0.8244791671874999 0.4703703703125 0.8192708328125 0.459259259375 0.8182291671874999 0.4509259265625 0.8109375 0.44351851875000003 0.7947916671875 0.3990740734375 0.7828125 0.39074074062499997 0.7671875 0.39351851875 0.7598958328125 0.3861111109375 0.7510416671875 0.3879629625 0.7494791671875001 0.3925925921875 0.7536458328125 0.4 0.7572916671875001 0.4268518515625 0.7557291671875 0.43055555625 0.7578125 0.434259259375
1 0.6125 0.5916666671875 0.61875 0.5981481484375 0.6322916671875001 0.5935185187500001 0.6354166671875 0.5981481484375 0.6463541671875 0.6009259265625 0.65625 0.5870370375 0.6572916671875 0.5731481484375001 0.6552083328125 0.54351851875 0.6453125 0.5305555562500001 0.640625 0.5175925921875 0.6401041671875001 0.49629629687500004 0.6390625 0.48981481406249994 0.6354166671875 0.48518518593750004 0.625 0.4796296296875 0.6192708328125 0.4703703703125 0.6140625 0.4703703703125 0.5947916671875 0.48148148125 0.5932291671875001 0.49444444374999996 0.5875 0.497222221875 0.5838541671875 0.5046296296875 0.5828125 0.5287037031249999 0.5895833328125 0.5314814812499999 0.596875 0.5416666671875 0.6125 0.5916666671875
1 0.7739583328124999 0.3240740734375 0.7682291671875 0.3333333328125 0.7682291671875 0.3490740734375 0.7614583328125 0.3648148140625 0.7635416671875 0.38055555625 0.7671875 0.384259259375 0.790625 0.38055555625 0.7989583328125 0.36759259218749996 0.7989583328125 0.3583333328125 0.809375 0.3481481484375 0.8140625 0.353703703125 0.8166666671874999 0.3509259265625 0.8380208328125001 0.35 0.8453125 0.3416666671875 0.8463541671874999 0.33148148125 0.8442708328125 0.3138888890625 0.8458333328125001 0.309259259375 0.8390625 0.2824074078125 0.8411458328125001 0.272222221875 0.8458333328125001 0.2638888890625 0.8458333328125001 0.2546296296875 0.8411458328125001 0.24259259218749998 0.8348958328125 0.23611111093749998 0.8359375 0.23240740781250002 0.834375 0.23055555625 0.80625 0.246296296875 0.7828125 0.253703703125 0.7739583328124999 0.26851851875 0.7677083328125 0.2870370375 0.7734375 0.2898148140625 0.7765625 0.296296296875 0.7770833328125 0.3101851859375 0.7739583328124999 0.3240740734375
1 0.7557291671875 0.38055555625 0.7572916671875001 0.36944444375 0.7682291671875 0.3490740734375 0.76875 0.334259259375 0.775 0.31759259218749997 0.775 0.3 0.7666666671875 0.3 0.7640625 0.28796296250000003 0.7583333328124999 0.29351851875 0.7177083328125 0.2509259265625 0.7140625 0.2518518515625 0.7114583328124999 0.25740740781250004 0.7286458328125 0.29907407343750003 0.7395833328125 0.371296296875 0.74375 0.377777778125 0.7557291671875 0.38055555625
1 0.4604166671875 0.40648148125 0.465625 0.4203703703125 0.46979166718750004 0.4166666671875 0.47447916718750005 0.41851851875 0.4796875 0.41203703750000004 0.4703125 0.3416666671875 0.4635416671875 0.3333333328125 0.4526041671875 0.33055555625 0.43854166718750004 0.3361111109375 0.42395833281249995 0.365740740625 0.41614583281249995 0.3740740734375 0.41510416718750004 0.3796296296875 0.42291666718750004 0.3861111109375 0.4484375 0.3925925921875 0.4604166671875 0.40648148125
1 0.41614583281249995 0.4574074078125 0.4270833328125 0.45277777812500003 0.4380208328125 0.4388888890625 0.4451041671875 0.4370370375 0.45416666718750004 0.4370370375 0.4703125 0.447222221875 0.47447916718750005 0.44166666718750003 0.48020833281249997 0.4240740734375 0.478125 0.4166666671875 0.478125 0.40277777812500004 0.4692708328125 0.4018518515625 0.4614583328125 0.40555555625000006 0.4526041671875 0.39444444375 0.4447916671875 0.3898148140625 0.428125 0.3888888890625 0.4203125 0.38333333281250004 0.4046875 0.38148148125 0.39114583281250004 0.4 0.390625 0.41944444374999995 0.3973958328125 0.4296296296875 0.4057291671875 0.4509259265625 0.41614583281249995 0.4574074078125
1 0.3796875 0.415740740625 0.3869791671875 0.4129629625 0.3947916671875 0.3916666671875 0.40208333281249997 0.38055555625 0.40208333281249997 0.3648148140625 0.3973958328125 0.34444444375 0.3880208328125 0.321296296875 0.3802083328125 0.3203703703125 0.3729166671875 0.3240740734375 0.35104166718749996 0.34629629687499996 0.3453125 0.3648148140625 0.3489583328125 0.38333333281250004 0.3609375 0.3990740734375 0.3796875 0.415740740625
1 0.2046875 0.9703703703125001 0.2171875 0.9703703703125001 0.2203125 0.9629629625 0.22673593749999998 0.9574074078124999 0.2359375 0.9601851859374999 0.24322916718749998 0.953703703125 0.2484375 0.95555555625 0.2541666671875 0.9518518515625001 0.2557291671875 0.946296296875 0.2416666671875 0.9046296296874999 0.2416666671875 0.8833333328125 0.2557291671875 0.8648148140625 0.2614583328125 0.8509259265625 0.27395833281250004 0.83148148125 0.2875 0.8203703703125 0.29635416718749996 0.81851851875 0.30416666718749996 0.8101851859375 0.3078125 0.8018518515625 0.3083333328125 0.79444444375 0.303125 0.7888888890625 0.290625 0.7851851859375001 0.2875 0.7731481484375 0.2770833328125 0.772222221875 0.23333333281250002 0.7990740734374999 0.21510416718749997 0.8259259265625 0.21197916718749998 0.8435185187500001 0.20052083281250002 0.86944444375 0.1927083328125 0.9 0.1921875 0.9231481484374999 0.18125 0.9509259265625 0.17916666718750002 0.9666666671874999 0.18697916718750002 0.9703703703125001 0.1921875 0.98055555625 0.2046875 0.9703703703125001
1 0.08125 0.7787037031249999 0.08125 0.8027777781250001 0.0770833328125 0.8138888890624999 0.07760416718749999 0.8620370375 0.0802083328125 0.88055555625 0.0916666671875 0.890740740625 0.10364583281249999 0.9074074078125 0.1125 0.9259259265625 0.12291666718750001 0.928703703125 0.1265625 0.9203703703125001 0.13229166718750002 0.921296296875 0.1364583328125 0.9055555562500001 0.1453125 0.9037037031249999 0.1510416671875 0.88055555625 0.1458333328125 0.7981481484375 0.1375 0.775 0.1385416671875 0.7666666671875 0.1296875 0.7453703703125 0.1307291671875 0.7398148140624999 0.1208333328125 0.703703703125 0.1166666671875 0.6972222218749999 0.11614583281249999 0.68148148125 0.109375 0.671296296875 0.09427083281250001 0.6703703703125 0.0875 0.6916666671875 0.0859375 0.725 0.0901041671875 0.7481481484375 0.0880208328125 0.7629629625 0.08125 0.7787037031249999
1 0.0447916671875 0.6574074078125001 0.0479166671875 0.672222221875 0.0479166671875 0.6851851859375 0.05625 0.7009259265625001 0.0640625 0.7046296296875 0.0635416671875 0.7083333328125 0.0692708328125 0.7129629625 0.0703125 0.7175925921874999 0.0765625 0.7203703703125 0.078125 0.7333333328125 0.08541666718749999 0.734259259375 0.0869791671875 0.7324074078125 0.0859375 0.7185185187500001 0.08854166718749999 0.6888888890625 0.0921875 0.6851851859375 0.09322916718749999 0.672222221875 0.1046875 0.672222221875 0.1145833328125 0.6851851859375 0.12291666718750001 0.6731481484375 0.1302083328125 0.6388888890625 0.1338541671875 0.5759259265625001 0.1296875 0.5490740734374999 0.12552083281249998 0.54444444375 0.125 0.5398148140625 0.11822916718750001 0.5379629625 0.11145833281249999 0.54444444375 0.10833333281249999 0.5527777781250001 0.07864583281250001 0.5759259265625001 0.07291666718749999 0.5925925921874999 0.0640625 0.5990740734375 0.0614583328125 0.609259259375 0.055208332812500004 0.61944444375 0.0536458328125 0.6379629625 0.0557291671875 0.65 0.0506942703125 0.6574074078125001 0.0447916671875 0.6574074078125001
1 0 0.8175925921875 0.0067708328125 0.8129629625 0.010416667187500001 0.8046296296875 0.017708332812499998 0.803703703125 0.021354167187500002 0.79351851875 0.0442708328125 0.7638888890625 0.0666666671875 0.75 0.0760416671875 0.7398148140624999 0.06302083281250001 0.7231481484375 0.0536458328125 0.703703703125 0.0416666671875 0.6981481484375001 0.021875 0.702777778125 0 0.7296296296875 0 0.8175925921875
1 0.1395833328125 0.7666666671875 0.1385416671875 0.7787037031249999 0.1463541671875 0.8018518515625 0.1432291671875 0.8138888890624999 0.146875 0.825 0.153125 0.878703703125 0.14895833281249998 0.8953703703125001 0.14895833281249998 0.9037037031249999 0.1546875 0.9074074078125 0.1598958328125 0.934259259375 0.16458333281249998 0.94351851875 0.1734375 0.9481481484375 0.1807291671875 0.9453703703125 0.1875 0.9296296296875 0.20729166718749997 0.847222221875 0.2114583328125 0.840740740625 0.21614583281250002 0.8203703703125 0.2260416671875 0.8101851859375 0.2322916671875 0.797222221875 0.28177083281250004 0.7675925921875 0.28125 0.7546296296875 0.26796875 0.7490740734375 0.2625 0.7425925921875 0.2479166671875 0.7101851859375 0.2234375 0.7268518515625 0.2026041671875 0.734259259375 0.1911458328125 0.734259259375 0.1776041671875 0.727777778125 0.1541666671875 0.7018518515625 0.1457291671875 0.7018518515625 0.1385416671875 0.6953703703125 0.1359375 0.696296296875 0.1270833328125 0.715740740625 0.1265625 0.7240740734375 0.1307291671875 0.734259259375 0.1317708328125 0.7481481484375 0.1395833328125 0.7666666671875
1 0.09375 0.4916666671875 0.1046875 0.48148148125 0.10729166718750001 0.4824074078125 0.1145833328125 0.46944444374999994 0.1364583328125 0.4703703703125 0.146875 0.4620370375 0.14375 0.45648148125 0.1427083328125 0.4379629625 0.1447916671875 0.43518518593750005 0.1453125 0.41944444374999995 0.1427083328125 0.4148148140625 0.1265625 0.40833333281249995 0.1098958328125 0.4074074078125 0.0947916671875 0.4148148140625 0.08541666718749999 0.43148148124999997 0.08333333281250001 0.4453703703125 0.0828125 0.48425925937500003 0.08333333281250001 0.490740740625 0.08541666718749999 0.49259259218749996 0.09375 0.4916666671875
1 0.084375 0.43148148124999997 0.09375 0.4 0.0973958328125 0.3574074078125 0.0916666671875 0.3546296296875 0.0838541671875 0.3601851859375 0.0734375 0.377777778125 0.061979167187499996 0.3851851859375 0.0479166671875 0.40277777812500004 0.0421875 0.415740740625 0.0416666671875 0.42870370312499995 0.05208333281250001 0.44444444375 0.0802083328125 0.4370370375 0.084375 0.43148148124999997
1 0 0.6046296296875 0.0067708328125 0.5990740734375 0.017708332812499998 0.56851851875 0.0223958328125 0.5518518515624999 0.021875 0.54444444375 0.0276041671875 0.5287037031249999 0.025 0.5175925921875 0.028125 0.5083333328124999 0.0338541671875 0.5018518515625 0.0453125 0.475 0.0375 0.4620370375 0.0229166671875 0.4509259265625 0.0125 0.45277777812500003 0.0020833328125000002 0.44444444375 0 0.44444444375 0 0.6046296296875