1 0.5942708328124999 0.6703703703125 0.6057291671875 0.6648148140625 0.6114583328125 0.665740740625 0.6197916671875 0.6555555562500001 0.6265625 0.6537037031249999 0.628125 0.647222221875 0.6322916671875001 0.6425925921875 0.6333333328124999 0.6268518515625 0.6380208328125 0.622222221875 0.6307291671875 0.5990740734375 0.6166666671875001 0.5796296296875 0.6046875 0.571296296875 0.5901041671875 0.571296296875 0.5723958328125 0.577777778125 0.5651041671875 0.5833333328125 0.5546875 0.6009259265625 0.55625 0.6231481484375 0.5630208328124999 0.646296296875 0.5755208328125 0.6620370375 0.5942708328124999 0.6703703703125
1 0.559375 0.5888888890625 0.5604166671875 0.5824074078125 0.5963541671875 0.5703703703125 0.6 0.5638888890625 0.6046875 0.54444444375 0.5989583328125 0.5175925921875 0.5916666671875 0.5101851859375001 0.5755208328125 0.50648148125 0.5708333328124999 0.50648148125 0.5578125 0.515740740625 0.55 0.527777778125 0.5463541671875001 0.5388888890625 0.5354166671875 0.5796296296875 0.5453125 0.5796296296875 0.5473958328124999 0.5870370375 0.559375 0.5888888890625
1 0.49583333281249997 0.6175925921875 0.496875 0.6240740734375 0.49322916718750004 0.63055555625 0.5088541671875 0.6537037031249999 0.5197916671875 0.659259259375 0.5411458328125 0.659259259375 0.5536458328125 0.646296296875 0.5572916671875 0.6379629625 0.5536458328125 0.6148148140624999 0.5473958328124999 0.5990740734375 0.5328125 0.58055555625 0.5114583328125 0.5629629625 0.5046875 0.5629629625 0.49583333281249997 0.5759259265625001 0.5005208328124999 0.5898148140624999 0.49375 0.602777778125 0.4927083328125 0.6148148140624999 0.49583333281249997 0.6175925921875
1 0.5369791671875 0.4768518515625 0.5651041671875 0.45277777812500003 0.5765625 0.4268518515625 0.5807291671875 0.39444444375 0.5776041671875001 0.38055555625 0.5645833328125 0.3648148140625 0.5557291671875 0.3620370375 0.5489583328125 0.352777778125 0.540625 0.353703703125 0.5203125 0.3768518515625 0.5125 0.4203703703125 0.5119791671875 0.43518518593750005 0.51875 0.46388888906250003 0.5255208328125 0.47407407343749997 0.5369791671875 0.4768518515625
1 0.59375 0.41944444374999995 0.6234375 0.4361111109375 0.6302083328125 0.4361111109375 0.6453125 0.427777778125 0.6442708328125 0.4074074078125 0.6411458328124999 0.39351851875 0.63125 0.36851851875 0.6234375 0.3583333328125 0.615625 0.353703703125 0.6067708328125 0.353703703125 0.590625 0.3611111109375 0.5854166671875001 0.36851851875 0.5848958328125 0.3768518515625 0.590625 0.396296296875 0.5895833328125 0.41111111093749997 0.59375 0.41944444374999995
1 0.1651041671875 0.46296296249999996 0.1682291671875 0.4703703703125 0.1807291671875 0.477777778125 0.2166666671875 0.477777778125 0.2364583328125 0.4509259265625 0.2390625 0.43981481406249995 0.23802083281250003 0.43148148124999997 0.23333333281250002 0.4240740734375 0.2296875 0.403703703125 0.23072916718749997 0.3888888890625 0.23333333281250002 0.38240740781250004 0.2140625 0.3620370375 0.20052083281250002 0.352777778125 0.1875 0.35 0.1666666671875 0.3574074078125 0.15677083281249998 0.3731481484375 0.1494791671875 0.3916666671875 0.14791666718750002 0.40555555625000006 0.1494791671875 0.425 0.15625 0.4546296296875 0.1651041671875 0.46296296249999996
1 0.24322916718749998 0.43333333281249997 0.25052083281250004 0.4296296296875 0.2635416671875 0.43240740781250003 0.2708333328125 0.43518518593750005 0.275 0.440740740625 0.2833333328125 0.44259259218749997 0.2864583328125 0.42592592656250006 0.284375 0.41944444374999995 0.2848958328125 0.41203703750000004 0.29375 0.3990740734375 0.2994791671875 0.3990740734375 0.3 0.378703703125 0.296875 0.3648148140625 0.2927083328125 0.3574074078125 0.28125 0.3481481484375 0.2697916671875 0.3453703703125 0.2552083328125 0.3518518515625 0.24739583281250002 0.3611111109375 0.2421875 0.38148148125 0.22552083281250002 0.3953703703125 0.2328125 0.4148148140625 0.2328125 0.4240740734375 0.2359375 0.42870370312499995 0.24322916718749998 0.43333333281249997
1 0.6333333328124999 0.7546296296875 0.6369791671875 0.7583333328124999 0.6380208328125 0.7638888890625 0.6369791671875 0.772222221875 0.6536458328125 0.8111111109375001 0.6625 0.8101851859375 0.6666666671875 0.8018518515625 0.6723958328124999 0.775 0.6755208328125 0.7231481484375 0.6729166671875 0.6944444437499999 0.6583333328125 0.6611111109375 0.6541666671875 0.6574074078125001 0.6421875 0.6601851859375001 0.6348958328125 0.665740740625 0.6328125 0.6805555562500001 0.6328125 0.7 0.6354166671875 0.703703703125 0.6322916671875001 0.7379629624999999 0.6333333328124999 0.7546296296875
1 0.4427083328125 0.2731481484375 0.45208333281249996 0.2916666671875 0.45416666718750004 0.3018518515625 0.45885416718750005 0.3046296296875 0.46510416718750003 0.27870370312500004 0.46458333281249997 0.271296296875 0.4682291671875 0.2509259265625 0.46770833281249996 0.2388888890625 0.4640625 0.2296296296875 0.44322916718750005 0.2 0.4265625 0.1879629625 0.41510416718750004 0.1870370375 0.41041666718750003 0.19351851874999998 0.4088541671875 0.2009259265625 0.40729166718750004 0.222222221875 0.409375 0.23518518593749999 0.4234375 0.2601851859375 0.4427083328125 0.2731481484375
1 0.5088541671875 0.30555555624999997 0.5166666671875 0.3101851859375 0.5213541671875 0.3101851859375 0.5296875 0.2916666671875 0.5364583328125 0.290740740625 0.5328125 0.2870370375 0.5328125 0.28148148125 0.5401041671875 0.2703703703125 0.5432291671875 0.25648148125 0.540625 0.2388888890625 0.5328125 0.22777777812500002 0.5145833328125 0.22407407343750002 0.4973958328125 0.22777777812500002 0.4838541671875 0.2398148140625 0.47760416718750004 0.252777778125 0.47760416718750004 0.2648148140625 0.4828125 0.2759259265625 0.4984375 0.284259259375 0.5088541671875 0.30555555624999997
1 0.3369791671875 0.3333333328125 0.3458333328125 0.34629629687499996 0.353125 0.34722222187499996 0.3578125 0.33055555625 0.371875 0.3018518515625 0.3729166671875 0.2851851859375 0.3609375 0.2731481484375 0.3291666671875 0.2703703703125 0.3255208328125 0.2740740734375 0.325 0.2870370375 0.3322916671875 0.3111111109375 0.3359375 0.3166666671875 0.3369791671875 0.3333333328125
1 0.2244791671875 0.7166666671875 0.2359375 0.7138888890625 0.2416666671875 0.7074074078125 0.25 0.684259259375 0.24375 0.6666666671875 0.23697916718749998 0.6601851859375001 0.228125 0.6583333328125 0.20833333281250002 0.6777777781250001 0.1989583328125 0.7009259265625001 0.196875 0.709259259375 0.2010416671875 0.7138888890625 0.2166666671875 0.7129629625 0.2244791671875 0.7166666671875
1 0.3458333328125 0.6879629625 0.3541666671875 0.6833333328125 0.359375 0.675 0.3640625 0.6537037031249999 0.3645833328125 0.6379629625 0.353125 0.6120370375 0.3494791671875 0.6120370375 0.3265625 0.6453703703125 0.3260416671875 0.6611111109375 0.32864583281250004 0.672222221875 0.3369791671875 0.6833333328125 0.3458333328125 0.6879629625
1 0.1052083328125 0.3453703703125 0.1244791671875 0.3574074078125 0.12395833281249999 0.3611111109375 0.1265625 0.365740740625 0.1380208328125 0.371296296875 0.1510416671875 0.33055555625 0.1520833328125 0.29351851875 0.1473958328125 0.2740740734375 0.1385416671875 0.259259259375 0.1197916671875 0.24907407343750002 0.109375 0.24814814843750002 0.0984375 0.252777778125 0.08645833281250001 0.275 0.0802083328125 0.29351851875 0.0848958328125 0.3111111109375 0.09114583281250001 0.31759259218749997 0.1052083328125 0.3453703703125
1 0.5598958328125 0.21851851875 0.575 0.21944444375 0.5786458328124999 0.23240740781250002 0.5817708328125 0.23240740781250002 0.5802083328125 0.22407407343750002 0.5822916671875 0.196296296875 0.5796875 0.1824074078125 0.5744791671875 0.17314814843749998 0.5614583328125 0.1648148140625 0.5515625 0.16388888906250001 0.5333333328125 0.1648148140625 0.5239583328124999 0.171296296875 0.5234375 0.1759259265625 0.5286458328125 0.1925925921875 0.5328125 0.1981481484375 0.5598958328125 0.21851851875
1 0.7427083328124999 0.272222221875 0.7484375 0.26944444375 0.75625 0.25833333281250004 0.7723958328125 0.2166666671875 0.7598958328125 0.19537037031249999 0.7520833328125 0.1879629625 0.7364583328125 0.18148148125000002 0.7161458328125 0.1870370375 0.7083333328125 0.19444444375 0.7078125 0.2 0.7119791671875 0.21574074062499998 0.7328125 0.24722222187499998 0.7427083328124999 0.272222221875
1 0.7828125 0.19444444375 0.7953125 0.20370370312500002 0.8083333328125001 0.1870370375 0.8223958328125001 0.1620370375 0.8270833328125 0.134259259375 0.8223958328125001 0.12407407343750002 0.7864583328125 0.1268518515625 0.7786458328125 0.134259259375 0.7776041671875 0.14351851875 0.7671875 0.146296296875 0.7666666671875 0.15370370312499998 0.7708333328125 0.16944444375 0.77890625 0.18194444375000002 0.7828125 0.19444444375
1 0.8520833328125 0.5796296296875 0.8515625 0.590740740625 0.8536458328125001 0.5953703703125 0.8635416671874999 0.5962962968750001 0.878125 0.5916666671875 0.8927083328125001 0.5740740734374999 0.903125 0.553703703125 0.9005208328125001 0.5333333328125 0.8953125 0.527777778125 0.8921875 0.515740740625 0.8864583328125001 0.50555555625 0.8770833328125001 0.4981481484375 0.8708333328125001 0.5 0.8526041671875 0.5166666671875 0.8442708328125 0.5324074078125001 0.8401041671874999 0.547222221875 0.8401041671874999 0.5583333328125 0.85 0.5703703703125 0.8520833328125 0.5796296296875
1 0.9046875 0.49444444374999996 0.9078125 0.5 0.90625 0.5129629625 0.9161458328125001 0.521296296875 0.921875 0.515740740625 0.9276041671874999 0.515740740625 0.9333333328125001 0.50648148125 0.9588541671874999 0.45 0.9526041671875 0.4379629625 0.9481770828125 0.4370370375 0.9395833328125001 0.425 0.9046875 0.42222222187499997 0.8921875 0.43240740781250003 0.8802083328125001 0.45277777812500003 0.8791666671874999 0.46296296249999996 0.8921875 0.49629629687500004 0.8984375 0.4981481484375 0.9046875 0.49444444374999996
1 0.9359375 0.5722222218749999 0.9630208328125001 0.5611111109375 0.9708333328125001 0.5518518515624999 0.9796875 0.5314814812499999 0.9744791671874999 0.5268518515625 0.9578125 0.527777778125 0.9265625 0.5453703703125 0.9088541671874999 0.534259259375 0.9052083328125 0.5361111109375 0.9052083328125 0.54351851875 0.9161458328125001 0.565740740625 0.9270833328125001 0.5722222218749999 0.9359375 0.5722222218749999
1 0.9677083328125 0.527777778125 0.9828125 0.5296296296875 0.9994791671875 0.521296296875 0.9994791671875 0.4379629625 0.9864583328125001 0.4388888890625 0.9640625 0.45185185156249996 0.94375 0.48518518593750004 0.9317708328125001 0.5138888890625 0.9255208328125001 0.5370370375 0.9234375 0.5361111109375 0.9229166671875 0.54444444375 0.9244791671874999 0.54444444375 0.9541666671875 0.5314814812499999 0.9677083328125 0.527777778125
1 0.6661458328125 0.490740740625 0.6708333328125 0.4981481484375 0.6859375 0.50555555625 0.6895833328125 0.48981481406249994 0.6875 0.47592592656250005 0.6890625 0.465740740625 0.6692708328125 0.459259259375 0.65625 0.4611111109375 0.6536458328125 0.4703703703125 0.6557291671875001 0.4796296296875 0.6619791671875 0.48981481406249994 0.6661458328125 0.490740740625
1 0.7359375 0.5231481484375 0.7479166671875 0.522222221875 0.7479166671875 0.5166666671875 0.7411458328125 0.4981481484375 0.725 0.477777778125 0.7208333328125 0.48055555625 0.7203125 0.477777778125 0.71875 0.4861111109375 0.7046875 0.49629629687500004 0.7020833328125 0.5009259265625 0.7026041671875001 0.5046296296875 0.7109375 0.5175925921875 0.7359375 0.5231481484375
2 0.7265625 0.43981481406249995 0.7276041671875 0.43518518593750005 0.7208333328125 0.42592592656250006 0.7166666671875 0.42592592656250006 0.7052083328125 0.4370370375 0.7052083328125 0.44629629687500005 0.7135416671875 0.46851851875 0.7322916671875 0.459259259375 0.7265625 0.43981481406249995
2 0.7067708328125 0.48981481406249994 0.7072916671875 0.477777778125 0.7041666671875 0.46851851875 0.69375 0.4620370375 0.6911458328125 0.46666666718750005 0.6875 0.4796296296875 0.6927083328125 0.4953703703125 0.6979166671875 0.49629629687500004 0.7067708328125 0.48981481406249994
2 0.796875 0.7009259265625001 0.7963541671875001 0.6777777781250001 0.790625 0.6638888890625 0.7802083328125 0.6601851859375001 0.7734375 0.6666666671875 0.7723958328125 0.68148148125 0.7755208328125 0.6898148140625 0.7885416671875001 0.702777778125 0.796875 0.7009259265625001
2 0.8598958328125 0.6888888890625 0.8770833328125001 0.6861111109375 0.8770833328125001 0.68148148125 0.88125 0.675 0.8802083328125001 0.665740740625 0.8739583328125 0.659259259375 0.8734375 0.65 0.8567708328125001 0.65 0.8536458328125001 0.6537037031249999 0.8515625 0.6638888890625 0.8520833328125 0.66944444375 0.85 0.6731481484375 0.8520833328125 0.6805555562500001 0.8598958328125 0.6888888890625
2 0.8963541671874999 0.75555555625 0.8963541671874999 0.73148148125 0.89375 0.7259259265625 0.8807291671874999 0.7203703703125 0.8744791671875 0.7333333328125 0.8744791671875 0.7398148140624999 0.8786458328125001 0.75 0.8916666671875 0.7583333328124999 0.8963541671874999 0.75555555625
2 0.9635416671874999 0.68148148125 0.978125 0.6879629625 0.9817708328125001 0.68148148125 0.98125 0.6731481484375 0.984375 0.66944444375 0.98125 0.6555555562500001 0.9822916671874999 0.65 0.9786458328125001 0.6481481484375 0.9697916671875 0.6351851859375001 0.9703125 0.63055555625 0.9661458328125001 0.6268518515625 0.946875 0.65 0.9197916671874999 0.6416666671875 0.9572916671874999 0.6648148140625 0.9635416671874999 0.68148148125
2 0.9994791671875 0.952777778125 0.9994791671875 0.9148148140625001 0.9911458328125 0.9120370375 0.9838541671875 0.902777778125 0.9765625 0.9055555562500001 0.9755208328125 0.9268518515625 0.9817708328125001 0.952777778125 0.9864583328125001 0.9583333328125001 0.9994791671875 0.952777778125
2 0.9317708328125001 0.9990740734375001 0.9359375 0.9833333328125 0.9359375 0.975 0.9328125 0.9666666671874999 0.9208333328125 0.9601851859374999 0.9119791671874999 0.9611111109375001 0.9088541671874999 0.9703703703125001 0.9078125 0.98148148125 0.9109375 0.9861111109375 0.9130208328125 0.9990740734375001 0.9317708328125001 0.9990740734375001
2 0.8994791671875 0.9731481484375 0.8973958328125 0.978703703125 0.8963541671874999 0.9990740734375001 0.9182291671874999 0.9990740734375001 0.9078125 0.972222221875 0.8994791671875 0.9731481484375
2 0.85 0.9685185187500001 0.8484375 0.9472222218749999 0.8395833328125001 0.9361111109375001 0.8333333328125001 0.9370370375 0.8328125 0.9490740734375 0.8369791671875 0.9648148140625 0.8416666671874999 0.972222221875 0.85 0.9685185187500001
2 0.8161458328125001 0.8583333328125 0.81875 0.852777778125 0.8161458328125001 0.828703703125 0.8109375 0.8166666671874999 0.7953125 0.8203703703125 0.7911458328125 0.8333333328125001 0.7911458328125 0.8416666671874999 0.7984375 0.8583333328125 0.8104166671874999 0.8611111109375 0.8161458328125001 0.8583333328125
2 0.878125 0.8416666671874999 0.8776041671874999 0.8333333328125001 0.8744791671875 0.828703703125 0.8651041671874999 0.825 0.8604166671875 0.83055555625 0.8614583328125001 0.85648148125 0.8645833328125001 0.8601851859374999 0.8723958328125001 0.859259259375 0.878125 0.8416666671874999
2 0.8947916671874999 0.9324074078125 0.8947916671874999 0.9231481484374999 0.8885416671874999 0.9175925921875001 0.8807291671874999 0.9175925921875001 0.8802083328125001 0.9268518515625 0.8838541671875 0.9351851859375 0.8885416671874999 0.9379629625 0.8947916671874999 0.9324074078125
2 0.9465276046875 0.13395092656250002 0.9557291671874999 0.12129629687500001 0.95625 0.10648148125000001 0.9510416671874999 0.102777778125 0.9291666671875 0.109259259375 0.9203125 0.12592592656249998 0.9203125 0.1379629625 0.9234375 0.147222221875 0.9364583328125 0.15555555625 0.9465276046875 0.13395092656250002
2 0.91875 0.071296296875 0.9151041671875 0.051851851562499995 0.903125 0.047222221875 0.8942708328125001 0.053703703125 0.8942708328125001 0.06944444375 0.8984375 0.08333333281250001 0.9072916671875 0.08425925937499999 0.91875 0.071296296875
2 0.671875 0.1611111109375 0.6692708328125 0.13981481406250001 0.665625 0.13888888906250002 0.6609375 0.1453703703125 0.6526041671875 0.1490740734375 0.65 0.15370370312499998 0.659375 0.1703703703125 0.665625 0.1703703703125 0.671875 0.1611111109375
2 0.6859375 0.6740740734374999 0.6864583328125 0.659259259375 0.6807291671875 0.6518518515625 0.6692708328125 0.646296296875 0.6640625 0.6555555562500001 0.6651041671875 0.672222221875 0.6703125 0.68148148125 0.68125 0.68148148125 0.6859375 0.6740740734374999
2 0.384375 0.8379629625 0.384375 0.8231481484375 0.3817708328125 0.8203703703125 0.3651041671875 0.8203703703125 0.3614583328125 0.8240740734375 0.3630208328125 0.8453703703125001 0.3723958328125 0.8583333328125 0.3776041671875 0.8574074078124999 0.384375 0.8379629625
2 0.465625 0.840740740625 0.4625 0.8268518515625001 0.4578125 0.821296296875 0.45 0.8222222218749999 0.4458333328125 0.8324074078124999 0.4458333328125 0.8601851859374999 0.44895833281249997 0.8666666671875 0.45416666718750004 0.8629629624999999 0.465625 0.840740740625
2 0.5015625 0.6648148140625 0.4984375 0.6583333328125 0.49114583281249996 0.6564814812499999 0.484375 0.6638888890625 0.4859375 0.6861111109375 0.4890625 0.690740740625 0.503125 0.6768518515624999 0.5015625 0.6648148140625
2 0.415625 0.609259259375 0.40729166718750004 0.6074074078125 0.4057291671875 0.6120370375 0.40520833281249996 0.6268518515625 0.4078125 0.6333333328124999 0.4203125 0.61851851875 0.415625 0.609259259375
2 0.4057291671875 0.7166666671875 0.4046875 0.703703703125 0.4015625 0.6981481484375001 0.3963541671875 0.696296296875 0.390625 0.70555555625 0.390625 0.7203703703125 0.3963541671875 0.7296296296875 0.403125 0.727777778125 0.4057291671875 0.7166666671875
2 0.4109375 0.7620370375000001 0.4046875 0.7574074078125 0.3973958328125 0.7611111109375 0.3963541671875 0.772222221875 0.4 0.7833333328125 0.4078125 0.7814814812499999 0.4109375 0.7620370375000001
2 0.6994791671875 0.8194444437499999 0.6973958328125 0.8027777781250001 0.6869791671875001 0.79444444375 0.6828125 0.7981481484375 0.6802083328124999 0.8074074078125 0.6791666671875001 0.8148148140625 0.6848958328125 0.8416666671874999 0.6927083328125 0.8462962968750001 0.6994791671875 0.8194444437499999
2 0.7354166671875 0.8138888890624999 0.7369791671875 0.79351851875 0.7328125 0.7814814812499999 0.7255208328125 0.7796296296875 0.721875 0.7888888890625 0.7213541671875 0.8 0.7239583328125 0.80648148125 0.7302083328125 0.8138888890624999 0.7354166671875 0.8138888890624999
2 0.7598958328125 0.7953703703125 0.7572916671875001 0.7888888890625 0.7489583328125 0.7879629625 0.7463541671875 0.79444444375 0.7463541671875 0.8009259265625 0.75 0.8083333328125001 0.759375 0.8111111109375001 0.7598958328125 0.7953703703125
2 0.6723958328124999 0.85648148125 0.675 0.8416666671874999 0.6723958328124999 0.8370370375 0.6645833328124999 0.8333333328125001 0.659375 0.8379629625 0.6578125 0.8416666671874999 0.6619791671875 0.8611111109375 0.6661458328125 0.8638888890624999 0.6723958328124999 0.85648148125
2 0.6541666671875 0.8546296296874999 0.6588541671875 0.8435185187500001 0.6598958328125 0.834259259375 0.6546875 0.828703703125 0.6484375 0.828703703125 0.6463541671875 0.8296296296874999 0.6484375 0.8481481484375 0.6505208328125 0.853703703125 0.6541666671875 0.8546296296874999
2 0.6401041671875001 0.8425925921875 0.6447916671875 0.8259259265625 0.6432291671875 0.8129629625 0.6463541671875 0.8055555562500001 0.6427083328125 0.7990740734374999 0.6307291671875 0.796296296875 0.6244791671875001 0.8074074078125 0.6255208328124999 0.8231481484375 0.6296875 0.8416666671874999 0.6338541671875 0.8462962968750001 0.6401041671875001 0.8425925921875
2 0.5557291671875 0.8222222218749999 0.5614583328125 0.80648148125 0.5588541671875 0.7870370375 0.5489583328125 0.784259259375 0.5463541671875001 0.79444444375 0.5458333328125 0.8055555562500001 0.5505208328125 0.821296296875 0.5526041671875 0.8240740734375 0.5557291671875 0.8222222218749999
2 0.5911458328125 0.7851851859375001 0.5979166671875 0.7703703703125 0.5989583328125 0.7518518515625 0.5963541671875 0.7490740734375 0.5802083328125 0.75 0.5765625 0.7546296296875 0.5755208328125 0.7611111109375 0.5786458328124999 0.7768518515625 0.5859375 0.7861111109375 0.5911458328125 0.7851851859375001
2 0.559375 0.7518518515625 0.5588541671875 0.7351851859375 0.55625 0.73148148125 0.5479166671875 0.7333333328125 0.5427083328125 0.7453703703125 0.5463541671875001 0.75648148125 0.5526041671875 0.7620370375000001 0.559375 0.7518518515625
2 0.7395833328125 0.9833333328125 0.7453125 0.9620370375 0.7442708328125 0.9425925921875 0.7338541671875001 0.9370370375 0.725 0.9370370375 0.7234375 0.940740740625 0.7229166671875 0.9666666671874999 0.7265625 0.98055555625 0.7338541671875001 0.9851851859374999 0.7395833328125 0.9833333328125
2 0.8020833328125001 0.89444444375 0.8057291671875 0.8879629625 0.80625 0.8731481484374999 0.8005208328125001 0.8675925921875001 0.7947916671875 0.85555555625 0.7890625 0.8648148140625 0.7875 0.88148148125 0.790625 0.8925925921875001 0.7942708328125 0.896296296875 0.8020833328125001 0.89444444375
2 0.7302083328125 0.877777778125 0.7328125 0.8675925921875001 0.7286458328125 0.8546296296874999 0.7223958328125 0.85 0.7182291671875001 0.852777778125 0.7145833328125 0.8611111109375 0.7182291671875001 0.8759259265624999 0.7244791671875 0.8833333328125 0.7302083328125 0.877777778125
2 0.6369791671875 0.9120370375 0.6421875 0.8990740734375 0.6416666671875 0.88055555625 0.6390625 0.8759259265624999 0.6270833328125 0.8740740734375001 0.6213541671875 0.877777778125 0.6213541671875 0.89444444375 0.6239583328125 0.9055555562500001 0.6307291671875 0.915740740625 0.6369791671875 0.9120370375
2 0.44166666718750003 0.884259259375 0.43958333281249995 0.8740740734375001 0.4348958328125 0.8666666671875 0.42552083281249997 0.8601851859374999 0.41770833281249997 0.8648148140625 0.4192708328125 0.8888888890625 0.4270833328125 0.9055555562500001 0.43385416718750003 0.9046296296874999 0.44166666718750003 0.884259259375
2 0.2864583328125 0.8916666671875 0.2848958328125 0.86944444375 0.2791666671875 0.8611111109375 0.2708333328125 0.8740740734375001 0.2697916671875 0.8879629625 0.275 0.9037037031249999 0.2828125 0.9037037031249999 0.2864583328125 0.8916666671875
2 0.715625 0.5851851859375 0.7083333328125 0.5768518515625 0.7005208328125 0.5796296296875 0.6973958328125 0.5879629625 0.7041666671875 0.6120370375 0.7109375 0.6111111109375 0.7192708328124999 0.5990740734375 0.715625 0.5851851859375
2 0.6640625 0.6083333328125 0.6630208328125 0.5981481484375 0.65625 0.5870370375 0.65 0.5851851859375 0.6463541671875 0.5916666671875 0.6453125 0.6009259265625 0.65 0.6101851859375 0.6619791671875 0.6111111109375 0.6640625 0.6083333328125
2 0.3953125 0.6138888890625 0.3953125 0.603703703125 0.3927083328125 0.5990740734375 0.3838541671875 0.5981481484375 0.3765625 0.60555555625 0.375 0.61851851875 0.3786458328125 0.628703703125 0.3916666671875 0.6231481484375 0.3953125 0.6138888890625
2 0.3541666671875 0.696296296875 0.353125 0.69351851875 0.3453125 0.6944444437499999 0.3427083328125 0.7 0.34322916718749996 0.7148148140624999 0.3494791671875 0.722222221875 0.353125 0.7148148140624999 0.3541666671875 0.696296296875
2 0.2864583328125 0.7851851859375001 0.2916666671875 0.777777778125 0.29375 0.74351851875 0.2901041671875 0.7351851859375 0.2802083328125 0.7370370375 0.2703125 0.746296296875 0.2697916671875 0.75555555625 0.2734375 0.7759259265625 0.2822916671875 0.7851851859375001 0.2864583328125 0.7851851859375001
2 0.275 0.8675925921875001 0.2869791671875 0.8379629625 0.2869791671875 0.8222222218749999 0.2671875 0.8166666671874999 0.2609375 0.8259259265625 0.2609375 0.840740740625 0.26510416718749996 0.8611111109375 0.2708333328125 0.86944444375 0.275 0.8675925921875001
2 0.21979166718749998 0.7425925921875 0.2234375 0.722222221875 0.22239583281250003 0.7166666671875 0.21458333281250003 0.7129629625 0.2010416671875 0.7138888890625 0.1994791671875 0.7166666671875 0.1994791671875 0.727777778125 0.2036458328125 0.7370370375 0.2130208328125 0.747222221875 0.21979166718749998 0.7425925921875
2 0.1822916671875 0.727777778125 0.1838541671875 0.7185185187500001 0.1822916671875 0.70555555625 0.1734375 0.703703703125 0.1677083328125 0.7129629625 0.1671875 0.7185185187500001 0.171875 0.727777778125 0.1765625 0.73148148125 0.1822916671875 0.727777778125
2 0.1546875 0.752777778125 0.1630208328125 0.73055555625 0.1630208328125 0.7231481484375 0.1598958328125 0.7166666671875 0.1463541671875 0.7175925921874999 0.1416666671875 0.7259259265625 0.1416666671875 0.7379629624999999 0.1458333328125 0.7518518515625 0.1494791671875 0.7546296296875 0.1546875 0.752777778125
2 0.1572916671875 0.865740740625 0.14895833281249998 0.8638888890624999 0.1447916671875 0.8703703703125001 0.1442708328125 0.88055555625 0.1463541671875 0.8879629625 0.15677083281249998 0.8861111109375001 0.1572916671875 0.865740740625
2 0.1270833328125 0.8490740734375001 0.1286458328125 0.8324074078124999 0.1265625 0.825 0.1145833328125 0.8296296296874999 0.103125 0.8444444437499999 0.10260416718750001 0.85 0.11145833281249999 0.8601851859374999 0.12291666718750001 0.8629629624999999 0.1270833328125 0.8490740734375001
2 0.09184010468750001 0.890740740625 0.1 0.8898148140625001 0.1041666671875 0.8740740734375001 0.1015625 0.8648148140625 0.0973958328125 0.8601851859374999 0.07864583281250001 0.8648148140625 0.0734375 0.872222221875 0.0723958328125 0.8953703703125001 0.07864583281250001 0.9055555562500001 0.0822916671875 0.9046296296874999 0.09184010468750001 0.890740740625
2 0.09375 0.9444444437499999 0.10260416718750001 0.9296296296875 0.1067708328125 0.9120370375 0.10625 0.9037037031249999 0.1020833328125 0.8990740734375 0.096875 0.8990740734375 0.08333333281250001 0.9055555562500001 0.07864583281250001 0.9175925921875001 0.078125 0.9268518515625 0.0822916671875 0.9388888890624999 0.08854166718749999 0.9444444437499999 0.09375 0.9444444437499999
2 0.0770833328125 0.925 0.07864583281250001 0.9120370375 0.071875 0.8981481484374999 0.06302083281250001 0.9037037031249999 0.05989583281250001 0.9148148140625001 0.0609375 0.93148148125 0.0635416671875 0.9388888890624999 0.0692708328125 0.9398148140625 0.0770833328125 0.925
2 0 0.834259259375 0.0125 0.8175925921875 0.0239583328125 0.7851851859375001 0.0244791671875 0.7787037031249999 0.021354167187500002 0.7731481484375 0.0083333328125 0.7703703703125 0 0.7759259265625 0 0.834259259375
2 0.07083333281250001 0.7490740734375 0.07083333281250001 0.7351851859375 0.0682291671875 0.722222221875 0.0614583328125 0.7268518515625 0.056770832812500005 0.7203703703125 0.0489583328125 0.722222221875 0.0427083328125 0.734259259375 0.0427083328125 0.747222221875 0.0557291671875 0.7666666671875 0.0635416671875 0.7638888890625 0.07083333281250001 0.7490740734375
2 0.246875 0.08796296249999999 0.2416666671875 0.09351851875 0.24114583281250002 0.10648148125000001 0.2515625 0.11388888906250001 0.2515625 0.0898148140625 0.246875 0.08796296249999999
0 0.3729166671875 0.403703703125 0.36770833281250004 0.41111111093749997 0.3682291671875 0.425 0.3802083328125 0.42592592656250006 0.3765625 0.403703703125 0.3729166671875 0.403703703125
0 0.3645833328125 0.42314814843750004 0.365625 0.415740740625 0.3557291671875 0.4 0.3494791671875 0.3990740734375 0.3484375 0.40277777812500004 0.346875 0.41944444374999995 0.35 0.42870370312499995 0.3572916671875 0.434259259375 0.3645833328125 0.42314814843750004
0 0.3692708328125 0.40648148125 0.371875 0.4 0.3697916671875 0.3879629625 0.365625 0.38333333281250004 0.3609375 0.3861111109375 0.3567708328125 0.3916666671875 0.3572916671875 0.3990740734375 0.3609375 0.4046296296875 0.3692708328125 0.40648148125
1 0.26875 0.290740740625 0.271875 0.29351851875 0.2859375 0.28611111093749997 0.31197916718749996 0.2833333328125 0.3114583328125 0.2731481484375 0.3291666671875 0.2601851859375 0.3333333328125 0.25 0.334375 0.2398148140625 0.3322916671875 0.22407407343750002 0.3260416671875 0.221296296875 0.3255208328125 0.21574074062499998 0.3177083328125 0.21574074062499998 0.3109375 0.21851851875 0.2979166671875 0.23148148124999998 0.2859375 0.25555555625 0.2791666671875 0.25740740781250004 0.2734375 0.2666666671875 0.26614583281250004 0.2629629625 0.2625 0.25648148125 0.2635416671875 0.2509259265625 0.2526041671875 0.2518518515625 0.2515625 0.25740740781250004 0.2546875 0.2675925921875 0.2640625 0.27777777812500004 0.26875 0.290740740625
1 0.1625 0.3620370375 0.1776041671875 0.3509259265625 0.19583333281249998 0.3509259265625 0.22239583281250003 0.36296296250000004 0.23020833281250003 0.35925925937500003 0.2359375 0.365740740625 0.23697916718749998 0.35925925937500003 0.2338541671875 0.328703703125 0.2171875 0.3 0.2026041671875 0.29722222187499997 0.1973958328125 0.3 0.1890625 0.296296296875 0.18802083281249998 0.3009259265625 0.1796875 0.302777778125 0.1734375 0.3 0.165625 0.3148148140625 0.1536458328125 0.32777777812500003 0.1458333328125 0.3453703703125 0.1390625 0.3768518515625 0.1416666671875 0.3953703703125 0.1458333328125 0.4018518515625 0.1625 0.3620370375
1 0.3729166671875 0.7833333328125 0.3854166671875 0.772222221875 0.39114583281250004 0.7601851859375001 0.3953125 0.74351851875 0.39375 0.734259259375 0.3729166671875 0.6898148140625 0.3739583328125 0.68148148125 0.36770833281250004 0.6805555562500001 0.3651041671875 0.6759259265625001 0.3578125 0.6851851859375 0.3489583328125 0.73148148125 0.3494791671875 0.7675925921875 0.353125 0.777777778125 0.35989583281250004 0.7851851859375001 0.3729166671875 0.7833333328125
1 0.3302083328125 0.6175925921875 0.3390625 0.590740740625 0.3395833328125 0.5833333328125 0.3296875 0.56851851875 0.3260416671875 0.5675925921875 0.3083333328125 0.5731481484375001 0.3020833328125 0.578703703125 0.29375 0.5944444437499999 0.290625 0.60648148125 0.290625 0.615740740625 0.29635416718749996 0.622222221875 0.3302083328125 0.6175925921875
1 0.4234375 0.5305555562500001 0.4296875 0.5111111109375 0.42760416718750005 0.5009259265625 0.4192708328125 0.49259259218749996 0.403125 0.49259259218749996 0.3942708328125 0.5009259265625 0.3947916671875 0.5120370375000001 0.4010416671875 0.5287037031249999 0.41510416718750004 0.5351851859375001 0.4234375 0.5305555562500001
1 0.0838541671875 0.234259259375 0.096875 0.2138888890625 0.11875 0.19537037031249999 0.1203125 0.1925925921875 0.1145833328125 0.18055555625 0.11510416718750001 0.15370370312499998 0.11145833281249999 0.1518518515625 0.0744791671875 0.18055555625 0.06770833281250001 0.19537037031249999 0.0645833328125 0.2138888890625 0.0640625 0.22407407343750002 0.0682291671875 0.24351851875000002 0.0723958328125 0.24444444375000002 0.0838541671875 0.234259259375
1 0 0.2203703703125 0.017708332812499998 0.21574074062499998 0.025 0.20833333281250002 0.0489583328125 0.20277777812500003 0.058333332812500006 0.19537037031249999 0.061979167187499996 0.18148148125000002 0.059375 0.171296296875 0.0375 0.1601851859375 0.0083333328125 0.165740740625 0 0.1703703703125 0 0.2203703703125
1 0.3885416671875 0.2833333328125 0.3921875 0.2796296296875 0.3942708328125 0.2731481484375 0.3932291671875 0.2666666671875 0.3984375 0.26203703749999996 0.41770833281249997 0.2629629625 0.4223958328125 0.2601851859375 0.4213541671875 0.252777778125 0.40833333281249995 0.23333333281250002 0.3854166671875 0.22314814843750003 0.3765625 0.20277777812500003 0.3708333328125 0.1990740734375 0.3661458328125 0.1898148140625 0.3572916671875 0.15 0.3541666671875 0.1453703703125 0.3453125 0.146296296875 0.340625 0.1546296296875 0.3416666671875 0.16388888906250001 0.36770833281250004 0.222222221875 0.384375 0.27870370312500004 0.3885416671875 0.2833333328125
1 0.7536458328125 0.1879629625 0.7635416671875 0.197222221875 0.7755208328125 0.1870370375 0.7708333328125 0.17314814843749998 0.7567708328125 0.15555555625 0.7296875 0.15555555625 0.7197916671875 0.1629629625 0.7119791671875 0.175 0.7114583328124999 0.177777778125 0.7161458328125 0.1851851859375 0.7317708328125 0.18148148125000002 0.7536458328125 0.1879629625
1 0.7796875 0.13055555624999998 0.7822916671875 0.127777778125 0.81875 0.12592592656249998 0.8213541671875 0.1379629625 0.8192708328125 0.1490740734375 0.8171875 0.15 0.8203125 0.15277777812499999 0.8192708328125 0.1583333328125 0.821875 0.1601851859375 0.8265625 0.1425925921875 0.8270833328125 0.1166666671875 0.8161458328125001 0.0990740734375 0.7979166671875 0.0990740734375 0.7776041671875 0.1148148140625 0.7635416671875 0.13888888906250002 0.7635416671875 0.1490740734375 0.7729166671875001 0.13148148125 0.7791666671875 0.13703703750000001 0.7796875 0.13055555624999998
1 0.6421875 0.2148148140625 0.6473958328125 0.1990740734375 0.6473958328125 0.1879629625 0.6421875 0.1861111109375 0.6401041671875001 0.190740740625 0.609375 0.16944444375 0.5963541671875 0.1703703703125 0.5958333328125 0.1768518515625 0.6109375 0.20277777812500003 0.63125 0.20740740781250003 0.6421875 0.2148148140625
1 0.640625 0.197222221875 0.6421875 0.20555555625 0.653125 0.177777778125 0.659375 0.172222221875 0.6661458328125 0.1824074078125 0.6822916671875 0.1629629625 0.6864583328125 0.15 0.6848958328125 0.147222221875 0.6760416671875 0.15370370312499998 0.6697916671875 0.1490740734375 0.6703125 0.12870370312499999 0.6765625 0.12222222187500001 0.6776041671875 0.11574074062499999 0.6583333328125 0.10648148125000001 0.6432291671875 0.1148148140625 0.6322916671875001 0.13148148125 0.6286458328125 0.1416666671875 0.6260416671875 0.1518518515625 0.628125 0.16944444375 0.6333333328124999 0.1851851859375 0.640625 0.197222221875
1 0.8604166671875 0.4203703703125 0.8703125 0.4203703703125 0.875 0.403703703125 0.8822916671875 0.39351851875 0.8854166671874999 0.38055555625 0.8848958328125001 0.36851851875 0.86875 0.3509259265625 0.8520833328125 0.34351851875 0.8416666671874999 0.34444444375 0.8333333328125001 0.3379629625 0.8036458328125 0.33703703749999997 0.803125 0.340740740625 0.8078125 0.34629629687499996 0.8166666671874999 0.36666666718749996 0.8604166671875 0.4203703703125
1 0.9036458328125001 0.41851851875 0.9546875 0.41111111093749997 0.984375 0.3916666671875 0.9802083328125001 0.3759259265625 0.9515625 0.35648148125 0.9364583328125 0.35 0.9036458328125001 0.3416666671875 0.89375 0.34444444375 0.8895833328125 0.3518518515625 0.8859375 0.3648148140625 0.8901041671875 0.3925925921875 0.8958333328125001 0.40833333281249995 0.9036458328125001 0.41851851875
1 0.8953125 0.3425925921875 0.9036458328125001 0.3398148140625 0.9182291671874999 0.3425925921875 0.9239583328125001 0.34722222187499996 0.9364583328125 0.34722222187499996 0.9588541671874999 0.33055555625 0.9635416671874999 0.3203703703125 0.9526041671875 0.3101851859375 0.9229166671875 0.3120370375 0.9026041671874999 0.3083333328125 0.89375 0.31944444375000003 0.8713541671874999 0.3379629625 0.8697916671874999 0.3416666671875 0.875 0.353703703125 0.884375 0.35925925937500003 0.8953125 0.3425925921875
1 0.8927083328125001 0.3018518515625 0.8947916671874999 0.29444444375 0.8880208328125001 0.28148148125 0.8880208328125001 0.2740740734375 0.915625 0.2601851859375 0.91875 0.25648148125 0.9208333328125 0.24722222187499998 0.9109375 0.23333333281250002 0.8916666671875 0.23055555625 0.8729166671874999 0.234259259375 0.853125 0.2518518515625 0.8447916671875 0.2675925921875 0.84375 0.2740740734375 0.8427083328125 0.284259259375 0.8489583328125001 0.290740740625 0.8609375 0.296296296875 0.8927083328125001 0.3018518515625
1 0.43072916718750004 0.3990740734375 0.44166666718750003 0.3888888890625 0.44322916718750005 0.3740740734375 0.44895833281249997 0.3574074078125 0.4390625 0.34351851875 0.4328125 0.340740740625 0.4 0.3509259265625 0.3963541671875 0.352777778125 0.3963541671875 0.3583333328125 0.40208333281249997 0.3740740734375 0.43072916718750004 0.3990740734375
1 0.1885416671875 0.272222221875 0.1942708328125 0.2666666671875 0.1921875 0.25740740781250004 0.19375 0.246296296875 0.1979166671875 0.240740740625 0.1973958328125 0.23240740781250002 0.1895833328125 0.221296296875 0.1838541671875 0.21851851875 0.17916666718750002 0.209259259375 0.1609375 0.2009259265625 0.1510416671875 0.1888888890625 0.1291666671875 0.1879629625 0.1260416671875 0.1925925921875 0.125 0.2009259265625 0.1416666671875 0.22407407343750002 0.1734375 0.253703703125 0.1885416671875 0.272222221875
1 0.2609375 0.2388888890625 0.2671875 0.2509259265625 0.271875 0.2509259265625 0.2776041671875 0.24351851875000002 0.2796875 0.23148148124999998 0.2713541671875 0.197222221875 0.2604166671875 0.1851851859375 0.2479166671875 0.17962962968750001 0.2401041671875 0.17962962968750001 0.23072916718749997 0.1851851859375 0.22916666718749998 0.1898148140625 0.2348958328125 0.20277777812500003 0.2359375 0.21111111093749999 0.2609375 0.2388888890625
1 0.3109375 0.21944444375 0.3229166671875 0.2166666671875 0.3239583328125 0.2046296296875 0.3307291671875 0.1925925921875 0.3166666671875 0.1916666671875 0.2927083328125 0.2018518515625 0.2864583328125 0.21574074062499998 0.2786458328125 0.24351851875000002 0.278125 0.2666666671875 0.2833333328125 0.2703703703125 0.2942708328125 0.2379629625 0.3109375 0.21944444375
1 0.8192708328125 0.577777778125 0.8234375 0.577777778125 0.8291666671875 0.5453703703125 0.8286458328125 0.534259259375 0.825 0.5231481484375 0.8104166671874999 0.503703703125 0.8026041671874999 0.4981481484375 0.79375 0.5018518515625 0.7885416671875001 0.5129629625 0.7864583328125 0.5287037031249999 0.7885416671875001 0.5398148140625 0.8052083328125 0.5555555562500001 0.8192708328125 0.577777778125
1 0.8911458328125 0.1611111109375 0.9166666671874999 0.1324074078125 0.9182291671874999 0.12222222187500001 0.9317708328125001 0.0916666671875 0.9270833328125001 0.08518518593749999 0.9067708328125 0.0861111109375 0.9005208328125001 0.09074074062500001 0.8921875 0.08796296249999999 0.878125 0.10648148125000001 0.878125 0.1379629625 0.8828125 0.15370370312499998 0.8869791671874999 0.1601851859375 0.8911458328125 0.1611111109375
1 0.9567708328125001 0.10185185156250001 0.9635416671874999 0.0953703703125 0.9697916671875 0.09444444375 0.9833333328125 0.071296296875 0.9994791671875 0.05648148125 0.9994791671875 0.039814814062499995 0.9661458328125001 0.058333332812500006 0.9489583328125001 0.07685185156249999 0.9385416671875 0.08333333281250001 0.9390625 0.0916666671875 0.934375 0.102777778125 0.9359375 0.1046296296875 0.9567708328125001 0.10185185156250001
1 0.9130208328125 0.2666666671875 0.9317708328125001 0.302777778125 0.9385416671875 0.3101851859375 0.9473958328125001 0.309259259375 0.9526041671875 0.30740740781250003 0.959375 0.2953703703125 0.9635416671874999 0.2768518515625 0.9625 0.2629629625 0.9552083328125001 0.24259259218749998 0.9473958328125001 0.23055555625 0.9359375 0.221296296875 0.93125 0.21296296250000002 0.9265625 0.2175925921875 0.9145833328125 0.21851851875 0.9052083328125 0.20370370312500002 0.8973958328125 0.20648148125 0.8953125 0.21111111093749999 0.8973958328125 0.22870370312500002 0.9104166671874999 0.23333333281250002 0.9192708328125001 0.24722222187499998 0.9130208328125 0.2666666671875
1 0.6890625 0.2416666671875 0.7026041671875001 0.2138888890625 0.70625 0.1768518515625 0.7036458328124999 0.175 0.6916666671875 0.1851851859375 0.6885416671875 0.2 0.6666666671875 0.1990740734375 0.6609375 0.20277777812500003 0.6578125 0.209259259375 0.6588541671875 0.22870370312500002 0.6635416671875001 0.2370370375 0.6796875 0.24259259218749998 0.6890625 0.2416666671875
1 0.6302083328125 0.26574074062499997 0.6442708328125 0.2518518515625 0.6401041671875001 0.24814814843750002 0.6166666671875001 0.24444444375000002 0.6057291671875 0.23611111093749998 0.6046875 0.2416666671875 0.6072916671875 0.2546296296875 0.6161458328125 0.2648148140625 0.6302083328125 0.26574074062499997
1 0.6072916671875 0.24444444375000002 0.6114583328125 0.24259259218749998 0.621875 0.2611111109375 0.6302083328125 0.2518518515625 0.6114583328125 0.21944444375 0.5916666671875 0.20740740781250003 0.5822916671875 0.2203703703125 0.5822916671875 0.22407407343750002 0.6005208328125 0.23333333281250002 0.6072916671875 0.24444444375000002
1 0.5833333328125 0.2601851859375 0.5927083328125 0.25555555625 0.5859375 0.24907407343750002 0.5786458328124999 0.24814814843750002 0.55625 0.2518518515625 0.5432291671875 0.2601851859375 0.5333333328125 0.27870370312500004 0.5390625 0.2870370375 0.5640625 0.2796296296875 0.5833333328125 0.2601851859375
1 0.515625 0.7111111109375 0.5270833328125 0.6879629625 0.5192708328125 0.6796296296875 0.50625 0.6796296296875 0.5 0.6833333328125 0.4916666671875 0.6953703703125 0.4895833328125 0.7074074078125 0.49010416718750005 0.7175925921874999 0.49635416718750003 0.7212962968750001 0.5083333328124999 0.7194444437499999 0.515625 0.7111111109375
1 0.7083333328125 0.684259259375 0.7270833328124999 0.6833333328125 0.7432291671875 0.6925925921875 0.7479166671875 0.6888888890625 0.7453125 0.6740740734374999 0.7302083328125 0.6388888890625 0.7166666671875 0.61851851875 0.7005208328125 0.6259259265625 0.6916666671875 0.6416666671875 0.6911458328125 0.6601851859375001 0.6942708328125 0.6731481484375 0.7072916671875 0.6805555562500001 0.7083333328125 0.684259259375
1 0.7104166671875001 0.79444444375 0.7130208328125 0.7814814812499999 0.7130208328125 0.75 0.709375 0.7333333328125 0.7010416671875 0.7194444437499999 0.6927083328125 0.7129629625 0.6859375 0.7175925921874999 0.6833333328125 0.7361111109375 0.684375 0.759259259375 0.6927083328125 0.777777778125 0.7041666671875 0.79444444375 0.7104166671875001 0.79444444375
1 0.7619791671875 0.8138888890624999 0.7671875 0.8259259265625 0.7828125 0.8333333328125001 0.7848958328125 0.8166666671874999 0.7984375 0.809259259375 0.7994791671875 0.8018518515625 0.79375 0.796296296875 0.7927083328125 0.7865740734375 0.8067708328125001 0.771296296875 0.8083333328125001 0.759259259375 0.8026041671874999 0.740740740625 0.7947916671875 0.728703703125 0.7895833328124999 0.7259259265625 0.7869791671875 0.7203703703125 0.7760416671875 0.7212962968750001 0.7703125 0.7166666671875 0.7630208328125 0.7194444437499999 0.7583333328124999 0.7148148140624999 0.753125 0.7166666671875 0.753125 0.722222221875 0.75 0.7240740734375 0.7458333328125 0.7351851859375 0.7447916671875 0.740740740625 0.7479166671875 0.7601851859375001 0.7609375 0.79444444375 0.7619791671875 0.8138888890624999
1 0.8145833328125001 0.7824074078125001 0.8135416671875 0.79444444375 0.8177083328125001 0.8111111109375001 0.8166666671874999 0.8148148140625 0.8234375 0.83055555625 0.825 0.8425925921875 0.821875 0.847222221875 0.8192708328125 0.8611111109375 0.8270833328125 0.8731481484374999 0.8369791671875 0.88148148125 0.85 0.8759259265624999 0.8567708328125001 0.8648148140625 0.8598958328125 0.85 0.8598958328125 0.8222222218749999 0.8552083328125001 0.8111111109375001 0.8546875 0.7824074078125001 0.8302083328125001 0.7370370375 0.8145833328125001 0.7388888890625 0.8104166671874999 0.734259259375 0.8057291671875 0.7351851859375 0.8052083328125 0.7398148140624999 0.8104166671874999 0.7481481484375 0.8114583328125 0.777777778125 0.8145833328125001 0.7824074078125001
1 0.9526041671875 0.7648148140625 0.9546875 0.76851851875 0.9598958328125 0.7601851859375001 0.9760416671875 0.7509259265625 0.9895833328125001 0.7481481484375 0.9994791671875 0.740740740625 0.9994791671875 0.6620370375 0.9890625 0.6574074078125001 0.9817708328125001 0.6833333328125 0.9744791671874999 0.6888888890625 0.9677083328125 0.6833333328125 0.9625 0.6833333328125 0.9557291671874999 0.6731481484375 0.9510416671874999 0.6731481484375 0.9453125 0.68148148125 0.9421875 0.7 0.9432291671874999 0.7453703703125 0.946875 0.7638888890625 0.9526041671875 0.7648148140625
1 0.4869791671875 0.5138888890625 0.49375 0.475 0.49322916718750004 0.44259259218749997 0.49114583281249996 0.4388888890625 0.4859375 0.43981481406249995 0.4682291671875 0.4824074078125 0.4671875 0.502777778125 0.46875 0.5129629625 0.4739583328125 0.5203703703125 0.4869791671875 0.5138888890625
1 0.49010416718750005 0.5740740734374999 0.5 0.559259259375 0.5104166671875 0.5518518515624999 0.5140625 0.5416666671875 0.509375 0.51944444375 0.50625 0.5175925921875 0.4895833328125 0.5148148140625 0.4817708328125 0.5175925921875 0.4770833328125 0.5240740734375 0.4770833328125 0.5361111109375 0.4848958328125 0.5601851859375 0.4848958328125 0.5675925921875 0.49010416718750005 0.5740740734374999
1 0.5604166671875 0.5129629625 0.5609375 0.50555555625 0.5541666671875001 0.497222221875 0.5369791671875 0.5 0.5317708328124999 0.50648148125 0.5239583328124999 0.5268518515625 0.5234375 0.5481481484375 0.5265625 0.5527777781250001 0.5369791671875 0.54444444375 0.5604166671875 0.5129629625
1 0.61875 0.509259259375 0.6307291671875 0.51944444375 0.6411458328124999 0.5240740734375 0.646875 0.5166666671875 0.634375 0.50648148125 0.6182291671875 0.4768518515625 0.6067708328125 0.4703703703125 0.6010416671875001 0.47407407343749997 0.6 0.478703703125 0.6 0.4879629625 0.6036458328125 0.4953703703125 0.615625 0.5018518515625 0.61875 0.509259259375
1 0.11614583281249999 0.12222222187500001 0.1109375 0.1111111109375 0.0953125 0.1203703703125 0.08854166718749999 0.13333333281249998 0.0875 0.15 0.0916666671875 0.1666666671875 0.1203125 0.15 0.11614583281249999 0.12222222187500001
1 0.0848958328125 0.17314814843749998 0.0791666671875 0.1601851859375 0.0682291671875 0.15 0.053125 0.1425925921875 0.0442708328125 0.1425925921875 0.0458333328125 0.15 0.071875 0.1833333328125 0.0796875 0.1861111109375 0.0848958328125 0.17314814843749998
1 0.5807291671875 0.36296296250000004 0.5786458328124999 0.3453703703125 0.5682291671875 0.33703703749999997 0.559375 0.33703703749999997 0.5411458328125 0.3490740734375 0.5385416671875001 0.352777778125 0.571875 0.3703703703125 0.5796875 0.36759259218749996 0.5807291671875 0.36296296250000004
1 0.84375 0.3296296296875 0.8375 0.31759259218749997 0.8177083328125001 0.303703703125 0.8026041671874999 0.29814814843750004 0.790625 0.29722222187499997 0.7875 0.3009259265625 0.7869791671875 0.30740740781250003 0.8098958328125001 0.334259259375 0.8453125 0.3416666671875 0.84375 0.3296296296875