2 0.12291666718750001 0.447222221875 0.121875 0.43148148124999997 0.1171875 0.41944444374999995 0.11145833281249999 0.4138888890625 0.1046875 0.4138888890625 0.09427083281250001 0.4240740734375 0.0901041671875 0.4388888890625 0.090625 0.45370370312499997 0.09895833281250001 0.4601851859375 0.115625 0.4574074078125 0.12291666718750001 0.447222221875
2 0.2234375 0.45370370312499997 0.23125 0.4388888890625 0.2338541671875 0.427777778125 0.234375 0.4166666671875 0.23072916718749997 0.4 0.22135416718749998 0.38703703749999996 0.2125 0.3851851859375 0.20572916718749998 0.3879629625 0.196875 0.3990740734375 0.19375 0.4074074078125 0.196875 0.43333333281249997 0.2125 0.4583333328125 0.21770833281250002 0.459259259375 0.2234375 0.45370370312499997
2 0.20208333281250002 0.5166666671875 0.20416666718749998 0.522222221875 0.2203125 0.5138888890625 0.2322916671875 0.4953703703125 0.2328125 0.4768518515625 0.22135416718749998 0.4611111109375 0.2052083328125 0.459259259375 0.1963541671875 0.477777778125 0.1963541671875 0.48425925937500003 0.20416666718749998 0.4953703703125 0.2052083328125 0.50555555625 0.20208333281250002 0.5166666671875
2 0.1973958328125 0.5296296296875 0.2026041671875 0.5148148140625 0.20208333281250002 0.49259259218749996 0.1890625 0.48055555625 0.175 0.4990740734375 0.1739583328125 0.50555555625 0.1848958328125 0.5287037031249999 0.1890625 0.5314814812499999 0.1973958328125 0.5296296296875
2 0.1786458328125 0.4611111109375 0.1859375 0.4574074078125 0.1885416671875 0.4509259265625 0.1875 0.43518518593750005 0.1776041671875 0.41851851875 0.1739583328125 0.41851851875 0.1625 0.4388888890625 0.1625 0.44907407343749994 0.1598958328125 0.45370370312499997 0.1614583328125 0.4583333328125 0.1786458328125 0.4611111109375
2 0.0473958328125 0.7481481484375 0.0463541671875 0.73148148125 0.0432291671875 0.7268518515625 0.0328125 0.7259259265625 0.021354167187500002 0.7388888890625 0.0229166671875 0.752777778125 0.0328125 0.7601851859375001 0.0416666671875 0.7574074078125 0.0473958328125 0.7481481484375
0 0.078125 0.5296296296875 0.07552083281250001 0.521296296875 0.0682291671875 0.5138888890625 0.061979167187499996 0.5138888890625 0.0479166671875 0.5259259265625 0.0458333328125 0.5333333328125 0.052604167187499995 0.5425925921875 0.0625 0.5416666671875 0.078125 0.5296296296875
2 0.1677083328125 0.8333333328125001 0.1677083328125 0.8203703703125 0.1588541671875 0.8175925921875 0.15 0.8231481484375 0.1458333328125 0.8324074078124999 0.146875 0.8518518515625001 0.15677083281249998 0.8638888890624999 0.1614583328125 0.8629629624999999 0.1677083328125 0.8333333328125001
2 0.2770833328125 0.9851851859374999 0.2791666671875 0.977777778125 0.2828125 0.9759259265625 0.2838541671875 0.9481481484375 0.2802083328125 0.9370370375 0.27395833281250004 0.9361111109375001 0.2692708328125 0.9425925921875 0.2619791671875 0.98148148125 0.2609375 0.99351851875 0.265625 0.9953703703125001 0.2708333328125 0.99351851875 0.2770833328125 0.9851851859374999
2 0.103125 0.8870370375000001 0.090625 0.8824074078124999 0.0791666671875 0.8879629625 0.0760416671875 0.89444444375 0.0760416671875 0.915740740625 0.0875 0.9333333328125001 0.0953125 0.9203703703125001 0.103125 0.8870370375000001
2 0.5989583328125 0.940740740625 0.603125 0.9416666671874999 0.6052083328125 0.9370370375 0.6067708328125 0.915740740625 0.6036458328125 0.9 0.5994791671875 0.8990740734375 0.590625 0.9046296296874999 0.584375 0.9 0.5828125 0.902777778125 0.5807291671875 0.9166666671874999 0.5875 0.946296296875 0.5916666671875 0.9481481484375 0.5989583328125 0.940740740625
2 0.7354166671875 0.9546296296874999 0.7427083328124999 0.9296296296875 0.740625 0.9083333328125001 0.7359375 0.902777778125 0.7203125 0.9046296296874999 0.7135416671875 0.9351851859375 0.7130208328125 0.946296296875 0.7171875 0.959259259375 0.7359375 0.9629629625 0.7354166671875 0.9546296296874999
2 0.7734375 0.9851851859374999 0.76875 0.9768518515625001 0.7520833328125 0.9685185187500001 0.7442708328125 0.9731481484375 0.7442708328125 0.9898148140625 0.746875 0.9990740734375001 0.7744791671875 0.9990740734375001 0.7734375 0.9851851859374999
2 0.6270833328125 0.9796296296874999 0.6213541671875 0.9824074078124999 0.621875 0.9990740734375001 0.6380208328125 0.9990740734375001 0.6369791671875 0.9851851859374999 0.6270833328125 0.9796296296874999
2 0.24322916718749998 0.5388888890625 0.25 0.5296296296875 0.2552083328125 0.5166666671875 0.2515625 0.4953703703125 0.2375 0.49629629687500004 0.2322916671875 0.5009259265625 0.2322916671875 0.525 0.2348958328125 0.5361111109375 0.23854166718749997 0.540740740625 0.24322916718749998 0.5388888890625
2 0.775 0.21203703749999997 0.7838541671875 0.20555555625 0.7859375 0.196296296875 0.7921875 0.1888888890625 0.7963541671875001 0.1740740734375 0.7958333328125 0.165740740625 0.7911458328125 0.1611111109375 0.778125 0.1620370375 0.7645833328125 0.171296296875 0.7619791671875 0.18055555625 0.7635416671875 0.197222221875 0.7677083328125 0.20648148125 0.775 0.21203703749999997
2 0.8442708328125 0.18148148125000002 0.8380208328125001 0.175 0.8276041671875 0.1740740734375 0.8182291671874999 0.1861111109375 0.8177083328125001 0.1925925921875 0.8302083328125001 0.20740740781250003 0.8380208328125001 0.2046296296875 0.8442708328125 0.18148148125000002
2 0.8760416671875 0.1453703703125 0.8703125 0.1379629625 0.859375 0.1361111109375 0.8520833328125 0.1416666671875 0.8489583328125001 0.1481481484375 0.8505208328125 0.16851851874999998 0.8552083328125001 0.175 0.8609375 0.1759259265625 0.8760416671875 0.1453703703125
2 0.9322916671874999 0.6481481484375 0.9364583328125 0.6129629624999999 0.91875 0.597222221875 0.9098958328125001 0.5990740734375 0.9057291671875 0.64444444375 0.9203125 0.6583333328125 0.9286458328125 0.6583333328125 0.9322916671874999 0.6481481484375
0 0.665625 0.0731481484375 0.66875 0.0666666671875 0.6786458328125 0.060185185937499996 0.6786458328125 0.048148148437499996 0.6734375 0.040740740625 0.66875 0.039814814062499995 0.6614583328125 0.045370370312500005 0.6598958328125 0.05648148125 0.6635416671875001 0.0620370375 0.6630208328125 0.06851851875000001 0.665625 0.0731481484375
0 0.0838541671875 0.196296296875 0.0848958328125 0.1888888890625 0.0796875 0.177777778125 0.0765625 0.1768518515625 0.0640625 0.1768518515625 0.065625 0.19537037031249999 0.0760416671875 0.20555555625 0.0838541671875 0.196296296875
2 0.0375 0.34444444375 0.0458333328125 0.33888888906250003 0.0473958328125 0.32592592656249997 0.04375 0.3166666671875 0.034375 0.3120370375 0.025 0.3120370375 0.0223958328125 0.3166666671875 0.021875 0.325 0.0244791671875 0.3351851859375 0.0307291671875 0.3425925921875 0.0375 0.34444444375
2 0.4067708328125 0 0.40416666718750005 0.00648148125 0.3994791671875 0 0.3963541671875 0.00555555625 0.3973958328125 0.009259259374999999 0.40625 0.025 0.4192708328125 0.0351851859375 0.4244791671875 0.0259259265625 0.43854166718750004 0.018518518749999997 0.44322916718750005 0.0111111109375 0.4390625 0 0.4067708328125 0
0 0.75625 0.078703703125 0.7640625 0.0861111109375 0.7744791671875 0.075 0.7671875 0.071296296875 0.75625 0.078703703125
1 0.4078125 0.728703703125 0.4135416671875 0.7388888890625 0.41510416718750004 0.7509259265625 0.41979166718750005 0.7509259265625 0.421875 0.7546296296875 0.421875 0.76944444375 0.42395833281249995 0.777777778125 0.4401041671875 0.7805555562500001 0.44739583281249995 0.7768518515625 0.45520833281249995 0.7805555562500001 0.4625 0.7675925921875 0.46770833281249996 0.7675925921875 0.47083333281249995 0.7574074078125 0.478125 0.7518518515625 0.48072916718750003 0.740740740625 0.48541666718750004 0.734259259375 0.4859375 0.722222221875 0.4895833328125 0.7166666671875 0.49010416718750005 0.702777778125 0.4869791671875 0.6888888890625 0.4770833328125 0.6648148140625 0.46875 0.6564814812499999 0.459375 0.6546296296875 0.45416666718750004 0.6453703703125 0.45625 0.634259259375 0.45989583281249996 0.627777778125 0.45729166718750003 0.6111111109375 0.45416666718750004 0.6101851859375 0.4526041671875 0.6296296296875 0.4291666671875 0.61851851875 0.41770833281249997 0.6268518515625 0.41770833281249997 0.6324074078125 0.40833333281249995 0.6425925921875 0.4109375 0.6537037031249999 0.40052083281249995 0.69351851875 0.409375 0.702777778125 0.4078125 0.728703703125
1 0.49010416718750005 0.7268518515625 0.4973958328125 0.734259259375 0.5 0.7425925921875 0.5098958328125 0.75555555625 0.51875 0.7638888890625 0.5322916671875 0.771296296875 0.5427083328125 0.772222221875 0.5517359374999999 0.7638888890625 0.5604166671875 0.7629629625 0.565625 0.752777778125 0.5760416671875 0.7490740734375 0.5786458328124999 0.74444444375 0.5776041671875001 0.73148148125 0.5802083328125 0.7240740734375 0.5895833328125 0.7148148140624999 0.5880208328125 0.7046296296875 0.5802083328125 0.6870370375 0.5828125 0.68148148125 0.58125 0.6740740734374999 0.5869791671875 0.66944444375 0.5833333328125 0.6425925921875 0.5796875 0.6333333328124999 0.5692708328125 0.621296296875 0.565625 0.6101851859375 0.5515625 0.5962962968750001 0.5453125 0.58055555625 0.5296875 0.571296296875 0.5171875 0.5731481484375001 0.50625 0.5796296296875 0.4848958328125 0.603703703125 0.46875 0.634259259375 0.46875 0.6537037031249999 0.478125 0.6648148140625 0.4890625 0.696296296875 0.49010416718750005 0.7268518515625
1 0.4046875 0.5296296296875 0.4036458328125 0.553703703125 0.41614583281249995 0.5990740734375 0.4291666671875 0.6148148140624999 0.4546875 0.63148148125 0.45729166718750003 0.625 0.4578125 0.6129629624999999 0.4625 0.6138888890625 0.47552083281249996 0.58055555625 0.47552083281249996 0.5722222218749999 0.48229166718750005 0.55 0.48333333281249996 0.5018518515625 0.4760416671875 0.47222222187499996 0.4692708328125 0.4675925921875 0.46666666718750005 0.4574074078125 0.4609375 0.4546296296875 0.4515625 0.4574074078125 0.4348958328125 0.45185185156249996 0.41979166718750005 0.46388888906250003 0.4171875 0.4703703703125 0.4166666671875 0.4824074078125 0.4078125 0.48703703750000005 0.40625 0.4916666671875 0.40989583281249997 0.5120370375000001 0.4078125 0.51944444375 0.40208333281249997 0.521296296875 0.4046875 0.5296296296875
1 0.2822916671875 0.8861111109375001 0.2869791671875 0.8481481484375 0.2864583328125 0.8388888890624999 0.2833333328125 0.8324074078124999 0.2796875 0.8425925921875 0.28125 0.8490740734375001 0.265625 0.86851851875 0.24739583281250002 0.9009259265624999 0.246875 0.9037037031249999 0.25 0.9064814812499999 0.24895833281250002 0.9129629625 0.225 0.977777778125 0.22239583281250003 0.9990740734375001 0.2588541671875 0.9990740734375001 0.2677083328125 0.9472222218749999 0.2822916671875 0.8861111109375001
1 0.2828125 0.9148148140625001 0.2828125 0.9277777781250001 0.2901041671875 0.959259259375 0.3177083328125 0.959259259375 0.3244791671875 0.9620370375 0.3375 0.9759259265625 0.3453125 0.977777778125 0.36770833281250004 0.9481481484375 0.3682291671875 0.9268518515625 0.3697916671875 0.9240740734375 0.3713541671875 0.922222221875 0.3802083328125 0.9379629625 0.384375 0.9231481484374999 0.3765625 0.8851851859375 0.3776041671875 0.859259259375 0.375 0.8481481484375 0.3578125 0.8601851859374999 0.3427083328125 0.8620370375 0.3328125 0.859259259375 0.3182291671875 0.8435185187500001 0.3020833328125 0.8435185187500001 0.2942708328125 0.865740740625 0.28958333281250004 0.872222221875 0.2916666671875 0.878703703125 0.2911458328125 0.8925925921875001 0.2869791671875 0.8981481484374999 0.2828125 0.9148148140625001
1 0.3026041671875 0.7953703703125 0.3098958328125 0.8 0.31302083281250004 0.80648148125 0.3125 0.8231481484375 0.3166666671875 0.840740740625 0.33125 0.8574074078124999 0.340625 0.8601851859374999 0.3645833328125 0.8546296296874999 0.38125 0.8351851859374999 0.3875 0.8222222218749999 0.3859375 0.790740740625 0.40416666718750005 0.771296296875 0.403125 0.7648148140625 0.40989583281249997 0.75555555625 0.403125 0.747222221875 0.40416666718750005 0.7166666671875 0.4 0.7120370375 0.3973958328125 0.6851851859375 0.39375 0.6731481484375 0.3802083328125 0.66851851875 0.3734375 0.6620370375 0.3609375 0.6620370375 0.3572916671875 0.66851851875 0.346875 0.6703703703125 0.3098958328125 0.7120370375 0.3072916671875 0.7166666671875 0.3078125 0.740740740625 0.3020833328125 0.747222221875 0.3036458328125 0.759259259375 0.2958333328125 0.7861111109375 0.29739583281250004 0.7981481484375 0.3026041671875 0.7953703703125
1 0.4166666671875 0.8620370375 0.41614583281249995 0.8731481484374999 0.42604166718750003 0.8759259265624999 0.4380208328125 0.8916666671875 0.4390625 0.9074074078125 0.453125 0.8990740734375 0.4734375 0.9101851859375 0.4875 0.9046296296874999 0.49114583281249996 0.9 0.49322916718750004 0.8888888890625 0.5208333328125 0.875 0.528125 0.8638888890624999 0.53125 0.8490740734375001 0.5302083328125 0.8444444437499999 0.5119791671875 0.821296296875 0.5 0.79444444375 0.4859375 0.747222221875 0.47239583281249997 0.7620370375000001 0.40729166718750004 0.8018518515625 0.40520833281249996 0.8203703703125 0.3984375 0.827777778125 0.39895833281250004 0.8324074078124999 0.4166666671875 0.8620370375
1 0.5203125 0.83148148125 0.5354166671875 0.8490740734375001 0.5416666671875 0.85 0.54375 0.8324074078124999 0.5385416671875001 0.775 0.5328125 0.76851851875 0.525 0.76851851875 0.5171875 0.7620370375000001 0.5010416671875 0.74444444375 0.49791666718750005 0.7333333328125 0.4921875 0.7268518515625 0.4895833328125 0.7259259265625 0.48802083281249997 0.7296296296875 0.4875 0.7416666671875001 0.49010416718750005 0.759259259375 0.503125 0.8018518515625 0.5203125 0.83148148125
1 0.6135416671875 0.7296296296875 0.6380208328125 0.728703703125 0.6541666671875 0.7129629625 0.65625 0.703703703125 0.6666666671875 0.6990740734374999 0.6697916671875 0.6898148140625 0.6739583328125 0.6888888890625 0.6755208328125 0.6777777781250001 0.6817708328125 0.6703703703125 0.6796875 0.6555555562500001 0.6833333328125 0.646296296875 0.678125 0.6333333328124999 0.678125 0.6268518515625 0.6713541671875001 0.6175925921875 0.6526041671875 0.602777778125 0.6463541671875 0.5935185187500001 0.6338541671875 0.5944444437499999 0.6161458328125 0.6138888890625 0.6078125 0.66851851875 0.5901041671875 0.703703703125 0.5942708328124999 0.7175925921874999 0.6135416671875 0.7296296296875
1 0.5364583328125 0.575 0.5473958328124999 0.578703703125 0.5526041671875 0.5944444437499999 0.5671875 0.609259259375 0.5708333328124999 0.6203703703125 0.5802083328125 0.63055555625 0.5848958328125 0.6416666671875 0.5848958328125 0.65 0.5890625 0.665740740625 0.5885416671875 0.6851851859375 0.5994791671875 0.6851851859375 0.6078125 0.6666666671875 0.6145833328125 0.63055555625 0.6130208328125 0.5953703703125 0.6010416671875001 0.5703703703125 0.5859375 0.5481481484375 0.55625 0.525 0.5552083328124999 0.527777778125 0.5307291671875001 0.5333333328125 0.51875 0.5324074078125001 0.5119791671875 0.540740740625 0.509375 0.5398148140625 0.5052083328125 0.5527777781250001 0.5052083328125 0.5629629625 0.5286458328125 0.5601851859375 0.5296875 0.5675925921875 0.5364583328125 0.575
1 0.6010416671875001 0.42314814843750004 0.6078125 0.425 0.6109375 0.43148148124999997 0.6265625 0.43518518593750005 0.6401041671875001 0.42870370312499995 0.6703125 0.40092592656250003 0.684375 0.372222221875 0.6854166671875 0.3648148140625 0.6822916671875 0.3611111109375 0.6635416671875001 0.3648148140625 0.6541666671875 0.3546296296875 0.6421875 0.3481481484375 0.6223958328125 0.34629629687499996 0.6130208328125 0.353703703125 0.609375 0.3611111109375 0.6052083328125 0.38055555625 0.6020833328124999 0.38333333281250004 0.5958333328125 0.38055555625 0.5932291671875001 0.39351851875 0.5973958328125 0.40277777812500004 0.5963541671875 0.415740740625 0.6010416671875001 0.42314814843750004
1 0.6098958328124999 0.56851851875 0.6338541671875 0.5833333328125 0.6520833328125 0.5870370375 0.6697916671875 0.5824074078125 0.6755208328125 0.571296296875 0.6854166671875 0.5638888890625 0.684375 0.55648148125 0.6921875 0.5453703703125 0.69375 0.51944444375 0.6958333328124999 0.5166666671875 0.6895833328125 0.4981481484375 0.6713541671875001 0.478703703125 0.6536458328125 0.4675925921875 0.6427083328125 0.45277777812500003 0.6229166671875 0.4481481484375 0.6166666671875001 0.45185185156249996 0.5927083328125 0.4953703703125 0.5848958328125 0.5018518515625 0.5796875 0.5148148140625 0.5744791671875 0.5175925921875 0.5755208328125 0.5324074078125001 0.578125 0.5388888890625 0.59375 0.55 0.6098958328124999 0.56851851875
1 0.7619791671875 0.5638888890625 0.7651041671875001 0.5759259265625001 0.7817708328124999 0.6018518515625 0.7901041671875 0.609259259375 0.8114583328125 0.6111111109375 0.8192708328125 0.6074074078125 0.8307291671874999 0.590740740625 0.8328125 0.5796296296875 0.8296875 0.5638888890625 0.8020833328125001 0.5138888890625 0.7776041671875 0.502777778125 0.7630208328125 0.5046296296875 0.7526041671875 0.5148148140625 0.7515625 0.5203703703125 0.7604166671875 0.5351851859375001 0.7640625 0.5527777781250001 0.7619791671875 0.5638888890625
1 0.7520833328125 0.5722222218749999 0.7625 0.55648148125 0.7645833328125 0.5481481484375 0.7515625 0.5231481484375 0.7354166671875 0.5083333328124999 0.7088541671875 0.515740740625 0.7072916671875 0.521296296875 0.6963541671875 0.5333333328125 0.696875 0.5379629625 0.6859375 0.55648148125 0.6838541671875 0.5675925921875 0.6770833328125 0.571296296875 0.6770833328125 0.5768518515625 0.6890625 0.58148148125 0.7244791671875 0.58148148125 0.7520833328125 0.5722222218749999
1 0.7244791671875 0.63055555625 0.7510416671875 0.621296296875 0.7583333328124999 0.6138888890625 0.7625 0.5953703703125 0.7598958328125 0.5833333328125 0.7520833328125 0.5731481484375001 0.7244791671875 0.5824074078125 0.690625 0.5833333328125 0.6796875 0.590740740625 0.6802083328124999 0.6 0.7 0.6379629625 0.7203125 0.6351851859375001 0.7244791671875 0.63055555625
1 0.725 0.8574074078124999 0.7328125 0.8611111109375 0.7375 0.8703703703125001 0.74375 0.875 0.7526041671875 0.875 0.7635416671875 0.872222221875 0.7755208328125 0.8490740734375001 0.7770833328125 0.8361111109375001 0.7729166671875001 0.8166666671874999 0.7635416671875 0.7990740734374999 0.7630208328125 0.790740740625 0.7578125 0.7851851859375001 0.7572916671875001 0.775 0.7385416671875 0.75648148125 0.6833333328125 0.7416666671875001 0.7083333328125 0.8333333328125001 0.7125 0.8425925921875 0.7166666671875 0.8444444437499999 0.725 0.8574074078124999
1 0.6494791671875 0.80648148125 0.6598958328125 0.878703703125 0.6661458328125 0.89351851875 0.6791666671875001 0.890740740625 0.684375 0.884259259375 0.6864583328125 0.8740740734375001 0.696875 0.853703703125 0.6979166671875 0.8259259265625 0.69375 0.8055555562500001 0.6869791671875001 0.7824074078125001 0.665625 0.7333333328125 0.6609375 0.7425925921875 0.6536458328125 0.775 0.65 0.7787037031249999 0.6515625 0.784259259375 0.6473958328125 0.790740740625 0.6473958328125 0.8027777781250001 0.6494791671875 0.80648148125
1 0.80625 0.925 0.8140625 0.93148148125 0.8296875 0.915740740625 0.853125 0.9268518515625 0.8703125 0.9268518515625 0.88125 0.9148148140625001 0.8984375 0.9203703703125001 0.9151041671875 0.91944444375 0.9140625 0.9120370375 0.8901041671875 0.875 0.884375 0.8416666671874999 0.8765625 0.8296296296874999 0.8536458328125001 0.8129629625 0.8260416671874999 0.81851851875 0.80625 0.8324074078124999 0.8005208328125001 0.8370370375 0.790625 0.859259259375 0.7895833328124999 0.871296296875 0.7958333328125 0.8851851859375 0.8010416671874999 0.9120370375 0.80625 0.925
1 0.8890625 0.8675925921875001 0.8916666671875 0.8740740734375001 0.8984375 0.8796296296874999 0.9078125 0.9018518515625 0.9119791671874999 0.9064814812499999 0.9265625 0.9101851859375 0.9307291671875 0.9101851859375 0.9359375 0.9046296296874999 0.94375 0.9074074078125 0.9588541671874999 0.8953703703125001 0.965625 0.884259259375 0.9677083328125 0.86851851875 0.9645833328125001 0.8444444437499999 0.9520833328125 0.8101851859375 0.9395833328125001 0.7898148140625 0.9229166671875 0.775 0.9114583328125001 0.759259259375 0.9036458328125001 0.7574074078125 0.8963541671874999 0.7509259265625 0.890625 0.7648148140625 0.8796875 0.7740740734375 0.8796875 0.8027777781250001 0.8833333328125 0.828703703125 0.8880208328125001 0.8444444437499999 0.8890625 0.8675925921875001
1 0.921875 0.7648148140625 0.9270833328125001 0.76851851875 0.9317708328125001 0.765740740625 0.9401041671874999 0.771296296875 0.946875 0.7787037031249999 0.946875 0.7870370375 0.95 0.7851851859375001 0.9557291671874999 0.79444444375 0.9786458328125001 0.8055555562500001 0.9994791671875 0.8083333328125001 0.9994791671875 0.6879629625 0.9854166671875 0.6824074078125 0.9817708328125001 0.6768518515624999 0.9630208328125001 0.672222221875 0.9427083328125001 0.675 0.91875 0.696296296875 0.9057291671875 0.7203703703125 0.90625 0.74351851875 0.9114583328125001 0.7546296296875 0.91875 0.7574074078125 0.921875 0.7648148140625
1 0.8276041671875 0.684259259375 0.8244791671874999 0.6953703703125 0.8255208328125001 0.7009259265625001 0.8453125 0.7175925921874999 0.8505208328125 0.727777778125 0.8494791671874999 0.7388888890625 0.8578125 0.75 0.8609375 0.759259259375 0.8760416671875 0.76851851875 0.8901041671875 0.7629629625 0.8932291671874999 0.747222221875 0.8932291671874999 0.7259259265625 0.9 0.7203703703125 0.8994791671875 0.7083333328125 0.89375 0.68148148125 0.8869791671874999 0.66944444375 0.8453125 0.63055555625 0.8296875 0.634259259375 0.8270833328125 0.646296296875 0.8177083328125001 0.6611111109375 0.8208333328125 0.6759259265625001 0.8276041671875 0.684259259375
1 0.8932291671874999 0.6638888890625 0.9041666671874999 0.640740740625 0.9078125 0.6231481484375 0.9088541671874999 0.5944444437499999 0.8994791671875 0.5611111109375 0.8916666671875 0.553703703125 0.884375 0.5546296296875 0.875 0.5648148140625 0.8635416671874999 0.56851851875 0.8541666671874999 0.5629629625 0.8447916671875 0.56851851875 0.8338541671874999 0.5851851859375 0.8286458328125 0.602777778125 0.8265625 0.61851851875 0.8286458328125 0.621296296875 0.8885416671874999 0.6675925921875 0.8932291671874999 0.6638888890625
1 0.9182291671874999 0.5962962968750001 0.9390625 0.6120370375 0.9578125 0.60648148125 0.9609375 0.5935185187500001 0.95625 0.5694444437499999 0.9401041671874999 0.5351851859375001 0.93125 0.527777778125 0.9239583328125001 0.5148148140625 0.9171875 0.515740740625 0.9135416671875 0.5203703703125 0.9041666671874999 0.51851851875 0.9 0.521296296875 0.896875 0.5305555562500001 0.8973958328125 0.5527777781250001 0.903125 0.5638888890625 0.9114583328125001 0.5953703703125 0.9182291671874999 0.5962962968750001
1 0.8723958328125001 0.503703703125 0.8927083328125001 0.5018518515625 0.8989583328125 0.5148148140625 0.9041666671874999 0.51851851875 0.9239583328125001 0.5166666671875 0.9234375 0.49629629687500004 0.915625 0.46666666718750005 0.896875 0.44351851875000003 0.8744791671875 0.44259259218749997 0.8661458328125 0.45370370312499997 0.8526041671875 0.477777778125 0.8536458328125001 0.48981481406249994 0.8572916671874999 0.4953703703125 0.8723958328125001 0.503703703125
1 0.9666666671874999 0.5925925921874999 0.9697916671875 0.5861111109375 0.9994791671875 0.5583333328125 0.9994791671875 0.46944444374999994 0.9890625 0.4675925921875 0.9786458328125001 0.47592592656250005 0.971875 0.4768518515625 0.9546875 0.49629629687500004 0.9510416671874999 0.49444444374999996 0.9375 0.509259259375 0.9348958328125001 0.5166666671875 0.934375 0.525 0.9505208328125001 0.5527777781250001 0.9625 0.590740740625 0.9666666671874999 0.5925925921874999
1 0.8473958328125001 0.5398148140625 0.8505208328125 0.5518518515624999 0.8552083328125001 0.5527777781250001 0.8786458328125001 0.540740740625 0.8890625 0.521296296875 0.8885416671874999 0.5111111109375 0.884375 0.50555555625 0.8760416671875 0.50648148125 0.85625 0.49629629687500004 0.853125 0.490740740625 0.85 0.47407407343749997 0.8427083328125 0.46666666718750005 0.8291666671875 0.46944444374999994 0.8197916671875 0.4796296296875 0.8135416671875 0.5 0.8171875 0.5166666671875 0.83125 0.5324074078125001 0.8473958328125001 0.5398148140625
1 0.2526041671875 0.7925925921875 0.2828125 0.8027777781250001 0.2947916671875 0.7824074078125001 0.3026041671875 0.759259259375 0.3010416671875 0.7481481484375 0.30625 0.7370370375 0.30625 0.7138888890625 0.3104166671875 0.7083333328125 0.3140625 0.7083333328125 0.31979166718749996 0.7 0.31979166718749996 0.696296296875 0.3135416671875 0.6870370375 0.3005208328125 0.6805555562500001 0.29739583281250004 0.6703703703125 0.2984375 0.6574074078125001 0.290625 0.6555555562500001 0.2666666671875 0.671296296875 0.2526041671875 0.70555555625 0.2364583328125 0.7268518515625 0.23177083281250002 0.7370370375 0.228125 0.752777778125 0.2296875 0.7629629625 0.23541666718749998 0.7768518515625 0.2526041671875 0.7925925921875
1 0.3572916671875 0.6666666671875 0.3609375 0.659259259375 0.36875 0.6601851859375001 0.3765625 0.6555555562500001 0.384375 0.6629629625 0.3895301875 0.6519652312499999 0.3859375 0.65 0.3729166671875 0.6333333328124999 0.3578125 0.625 0.3484375 0.625 0.3416666671875 0.61944444375 0.3291666671875 0.622222221875 0.3177083328125 0.6324074078125 0.3140625 0.6425925921875 0.30625 0.6481481484375 0.3015625 0.6583333328125 0.3020833328125 0.6740740734374999 0.31875 0.6879629625 0.3338541671875 0.6861111109375 0.346875 0.66851851875 0.3572916671875 0.6666666671875
1 0.1703125 0.9083333328125001 0.1744791671875 0.91944444375 0.175 0.9361111109375001 0.18125 0.9481481484375 0.1885416671875 0.9509259265625 0.1973958328125 0.9518518515625001 0.2109375 0.9416666671874999 0.20989583281250002 0.91944444375 0.2203125 0.9 0.2270833328125 0.896296296875 0.22916666718749998 0.8888888890625 0.2234375 0.8833333328125 0.2171875 0.8611111109375 0.20208333281250002 0.8648148140625 0.19583333281249998 0.8620370375 0.1911458328125 0.85 0.1932291671875 0.8370370375 0.18020833281249998 0.83055555625 0.1734375 0.8175925921875 0.1651041671875 0.8453703703125001 0.1604166671875 0.871296296875 0.1598958328125 0.878703703125 0.1640625 0.8916666671875 0.1640625 0.9037037031249999 0.1703125 0.9083333328125001
1 0.0640625 0.790740740625 0.11875 0.796296296875 0.14114583281249998 0.7861111109375 0.1609375 0.76944444375 0.17239583281249998 0.7666666671875 0.1786458328125 0.75 0.1755208328125 0.7361111109375 0.1661458328125 0.7203703703125 0.1463541671875 0.70648148125 0.12291666718750001 0.7046296296875 0.1098958328125 0.7111111109375 0.0880208328125 0.7324074078125 0.0838541671875 0.7324074078125 0.06875 0.7453703703125 0.0578125 0.7629629625 0.05625 0.76851851875 0.060416667187499995 0.7824074078125001 0.05989583281250001 0.7870370375 0.0640625 0.790740740625
1 0.2619791671875 0.48518518593750004 0.2713541671875 0.502777778125 0.2864583328125 0.5120370375000001 0.2979166671875 0.5018518515625 0.3182291671875 0.5 0.3291666671875 0.4953703703125 0.3541666671875 0.47407407343749997 0.3494791671875 0.4601851859375 0.3428817703125 0.46851851875 0.3255208328125 0.46851851875 0.3140625 0.459259259375 0.2947916671875 0.45185185156249996 0.2828125 0.45185185156249996 0.2755208328125 0.4601851859375 0.2635416671875 0.46388888906250003 0.2609375 0.46851851875 0.2619791671875 0.47407407343749997 0.25833333281250004 0.48148148125 0.259375 0.48425925937500003 0.2619791671875 0.48518518593750004
1 0.2046875 0.34722222187499996 0.2203125 0.3546296296875 0.2322916671875 0.352777778125 0.2364583328125 0.33888888906250003 0.2536458328125 0.3231481484375 0.2645833328125 0.3203703703125 0.2828125 0.3351851859375 0.2901041671875 0.33148148125 0.2947916671875 0.334259259375 0.3010416671875 0.325 0.3026041671875 0.31759259218749997 0.3015625 0.30648148124999997 0.296875 0.3009259265625 0.29635416718749996 0.296296296875 0.2869791671875 0.2898148140625 0.2520833328125 0.2509259265625 0.2401041671875 0.24814814843750002 0.20989583281250002 0.2546296296875 0.1817708328125 0.290740740625 0.1822916671875 0.3 0.1776041671875 0.30648148124999997 0.1890625 0.33055555625 0.2046875 0.34722222187499996
1 0.33645833281250004 0.27777777812500004 0.3390625 0.3111111109375 0.3479166671875 0.3231481484375 0.3604166671875 0.3574074078125 0.3729166671875 0.35555555625 0.3807291671875 0.33055555625 0.3802083328125 0.322222221875 0.3859375 0.2796296296875 0.3791666671875 0.2518518515625 0.3739583328125 0.2398148140625 0.353125 0.222222221875 0.3369791671875 0.21944444375 0.3270833328125 0.2259259265625 0.3265625 0.24259259218749998 0.3302083328125 0.25833333281250004 0.3291666671875 0.2629629625 0.33645833281250004 0.27777777812500004
1 0.403125 0.3648148140625 0.41197916718750005 0.3620370375 0.4270833328125 0.34722222187499996 0.44895833281249997 0.3333333328125 0.44739583281249995 0.328703703125 0.4401041671875 0.328703703125 0.4375 0.315740740625 0.44322916718750005 0.3120370375 0.44375 0.30555555624999997 0.43645833281249996 0.2833333328125 0.4234375 0.2796296296875 0.4145833328125 0.284259259375 0.40052083281249995 0.3 0.3838541671875 0.33148148125 0.384375 0.3379629625 0.38125 0.34722222187499996 0.37552083281250004 0.353703703125 0.3708333328125 0.3509259265625 0.3697916671875 0.3546296296875 0.371875 0.3574074078125 0.3885416671875 0.365740740625 0.403125 0.3648148140625
1 0.4125 0.2851851859375 0.4213541671875 0.28055555625 0.43854166718750004 0.2824074078125 0.44739583281249995 0.275 0.44375 0.272222221875 0.4427083328125 0.2666666671875 0.4302083328125 0.259259259375 0.40416666718750005 0.25740740781250004 0.390625 0.2731481484375 0.3869791671875 0.2833333328125 0.3869791671875 0.30555555624999997 0.3895833328125 0.3111111109375 0.3932291671875 0.3111111109375 0.4125 0.2851851859375
1 0.44739583281249995 0.32777777812500003 0.4484375 0.3138888890625 0.4427083328125 0.303703703125 0.4390625 0.284259259375 0.4380208328125 0.2898148140625 0.4375 0.3101851859375 0.4453125 0.315740740625 0.44427083281249996 0.32592592656249997 0.44739583281249995 0.32777777812500003
1 0.53125 0.328703703125 0.5890625 0.3333333328125 0.571875 0.2870370375 0.5541666671875001 0.271296296875 0.5369791671875 0.24351851875000002 0.5328125 0.240740740625 0.525 0.2398148140625 0.5203125 0.23518518593749999 0.4927083328125 0.240740740625 0.4848958328125 0.25 0.46666666718750005 0.2601851859375 0.4635416671875 0.2740740734375 0.4614583328125 0.29444444375 0.4703125 0.309259259375 0.4848958328125 0.3166666671875 0.53125 0.328703703125
1 0.5484375 0.25833333281250004 0.5651041671875 0.27870370312500004 0.5739583328125 0.2824074078125 0.5953125 0.315740740625 0.5994791671875 0.3138888890625 0.6114583328125 0.1833333328125 0.6203125 0.1203703703125 0.6197916671875 0.1111111109375 0.6151041671875 0.10833333281249999 0.5973958328125 0.109259259375 0.5489583328125 0.1703703703125 0.540625 0.1879629625 0.5364583328125 0.2046296296875 0.5359375 0.221296296875 0.5390625 0.2398148140625 0.5458333328125 0.24907407343750002 0.5484375 0.25833333281250004
1 0.6026041671875 0.3416666671875 0.6067708328125 0.34351851875 0.6109375 0.3333333328125 0.6119791671875 0.31759259218749997 0.65 0.1611111109375 0.6536458328125 0.1351851859375 0.6572916671875 0.1296296296875 0.6619791671875 0.078703703125 0.6541666671875 0.07962962968750001 0.646875 0.0981481484375 0.6463541671875 0.10648148125000001 0.6338541671875 0.147222221875 0.6166666671875001 0.1768518515625 0.6119791671875 0.19351851874999998 0.6104166671875 0.21111111093749999 0.60625 0.21944444375 0.6041666671875 0.2453703703125 0.6 0.259259259375 0.6015625 0.2666666671875 0.5989583328125 0.275 0.6005208328125 0.3231481484375 0.6026041671875 0.3416666671875
1 0.9390625 0.21296296250000002 0.9432291671874999 0.21203703749999997 0.9755208328125 0.15277777812499999 0.9776041671875 0.13981481406250001 0.9708333328125001 0.12870370312499999 0.9604166671875 0.12407407343750002 0.9354166671874999 0.127777778125 0.9239583328125001 0.1379629625 0.9151041671875 0.1546296296875 0.9088541671874999 0.1740740734375 0.9088541671874999 0.18148148125000002 0.9109375 0.1851851859375 0.9265625 0.2046296296875 0.9390625 0.21296296250000002
1 0.15625 0.652777778125 0.1578125 0.6648148140625 0.1776041671875 0.6675925921875 0.2 0.6453703703125 0.22239583281250003 0.634259259375 0.24583333281250003 0.60648148125 0.2567708328125 0.590740740625 0.2588541671875 0.5833333328125 0.24375 0.5722222218749999 0.221875 0.5694444437499999 0.1854166671875 0.5796296296875 0.1770833328125 0.5870370375 0.1734375 0.5962962968750001 0.1677083328125 0.625 0.1578125 0.6259259265625 0.1552083328125 0.634259259375 0.14114583281249998 0.63055555625 0.14010416718750002 0.634259259375 0.1494791671875 0.6518518515625 0.1541666671875 0.65 0.15625 0.652777778125
1 0.125 0.6666666671875 0.12291666718750001 0.675 0.1515625 0.684259259375 0.1598958328125 0.6972222218749999 0.20625 0.690740740625 0.2322916671875 0.702777778125 0.24739583281250002 0.7018518515625 0.2609375 0.6851851859375 0.259375 0.6796296296875 0.2645833328125 0.6546296296875 0.2645833328125 0.6453703703125 0.24635416718749997 0.634259259375 0.2416666671875 0.6388888890625 0.2234375 0.6416666671875 0.2171875 0.6546296296875 0.2036458328125 0.6583333328125 0.2010416671875 0.671296296875 0.15572916718750002 0.6740740734374999 0.1432291671875 0.665740740625 0.1395833328125 0.6583333328125 0.1395833328125 0.6518518515625 0.1270833328125 0.6361111109375 0.1234375 0.6259259265625 0.1078125 0.6148148140624999 0.0994791671875 0.6175925921875 0.1015625 0.634259259375 0.1171875 0.6481481484375 0.12395833281249999 0.6611111109375 0.125 0.6666666671875
1 0.2979166671875 0.640740740625 0.3 0.63148148125 0.3057291671875 0.6268518515625 0.3057291671875 0.6148148140624999 0.2958333328125 0.60648148125 0.2875 0.6083333328125 0.2708333328125 0.627777778125 0.2619791671875 0.6453703703125 0.2635416671875 0.665740740625 0.2869791671875 0.6546296296875 0.2979166671875 0.640740740625
1 0.6583333328125 0.9879629624999999 0.6635416671875001 0.9824074078124999 0.6697916671875 0.9601851859374999 0.6692708328125 0.940740740625 0.6625 0.9111111109375001 0.6583333328125 0.9037037031249999 0.659375 0.8953703703125001 0.6578125 0.8888888890625 0.6526041671875 0.8981481484374999 0.65 0.8981481484374999 0.6411458328124999 0.915740740625 0.6395833328125 0.9277777781250001 0.6328125 0.9472222218749999 0.6239583328125 0.9620370375 0.6234375 0.975 0.6307291671875 0.98148148125 0.6520833328125 0.9879629624999999 0.6583333328125 0.9879629624999999
1 0.9072916671875 0 0.89375 0.004629629687499999 0.85625 0.00555555625 0.8432291671875 0.009259259374999999 0.8265625 0.025 0.8010416671874999 0.058333332812500006 0.7979166671875 0.0675925921875 0.7979166671875 0.072222221875 0.8020833328125001 0.07685185156249999 0.8041666671875 0.09444444375 0.7963541671875001 0.10370370312499999 0.7932291671875 0.13148148125 0.7979166671875 0.147222221875 0.803125 0.147222221875 0.8067708328125001 0.1425925921875 0.8114583328125 0.146296296875 0.8375 0.1129629625 0.8723958328125001 0.0509259265625 0.9135416671875 0.004629629687499999 0.9125 0 0.9072916671875 0
1 0.7494791671875001 0.12222222187500001 0.7640625 0.11851851875 0.7671875 0.1120370375 0.7880208328125 0.1074074078125 0.8 0.0953703703125 0.8104166671874999 0.09351851875 0.8145833328125001 0.0888888890625 0.8125 0.07962962968750001 0.79375 0.0759259265625 0.7822916671875 0.077777778125 0.7713541671875 0.09074074062500001 0.7651041671875001 0.08796296249999999 0.7494791671875001 0.0925925921875 0.734375 0.10370370312499999 0.7244791671875 0.11574074062499999 0.7130208328125 0.12222222187500001 0.7041666671875 0.1351851859375 0.6994791671875 0.15370370312499998 0.6984375 0.1833333328125 0.7098958328125 0.1861111109375 0.7421875 0.127777778125 0.7494791671875001 0.12222222187500001
1 0.7067708328125 0.38240740781250004 0.7208333328125 0.3759259265625 0.7395833328125 0.3518518515625 0.790625 0.3138888890625 0.7848958328125 0.29814814843750004 0.7895833328124999 0.2888888890625 0.79375 0.2870370375 0.7958333328125 0.2796296296875 0.7802083328125 0.27870370312500004 0.7661458328124999 0.28148148125 0.75625 0.28796296250000003 0.7239583328125 0.2898148140625 0.709375 0.30648148124999997 0.7072916671875 0.31759259218749997 0.7041666671875 0.322222221875 0.703125 0.334259259375 0.6921875 0.3453703703125 0.6885416671875 0.3638888890625 0.6880208328124999 0.3981481484375 0.6895833328125 0.403703703125 0.7052083328125 0.3879629625 0.7067708328125 0.38240740781250004
1 0.3171875 0.41944444374999995 0.3203125 0.41203703750000004 0.33541666718749996 0.41111111093749997 0.34322916718749996 0.403703703125 0.35104166718749996 0.40277777812500004 0.3630208328125 0.36296296250000004 0.3536458328125 0.353703703125 0.3526041671875 0.3416666671875 0.3484375 0.3351851859375 0.3333333328125 0.34351851875 0.3026041671875 0.3518518515625 0.2890625 0.371296296875 0.2744791671875 0.403703703125 0.2760416671875 0.409259259375 0.2921875 0.409259259375 0.3171875 0.41944444374999995
1 0.1536458328125 0.1925925921875 0.16354166718750002 0.20833333281250002 0.1651041671875 0.2148148140625 0.1625 0.2203703703125 0.16354166718750002 0.22777777812500002 0.1697916671875 0.234259259375 0.1817708328125 0.23240740781250002 0.1776041671875 0.1990740734375 0.1734375 0.1861111109375 0.1809895828125 0.177777778125 0.1932291671875 0.177777778125 0.1989583328125 0.17314814843749998 0.196875 0.165740740625 0.18125 0.1416666671875 0.1583333328125 0.12222222187500001 0.146875 0.11944444375 0.1328125 0.12222222187500001 0.1276041671875 0.12592592656249998 0.1203125 0.1416666671875 0.11927083281249999 0.146296296875 0.12552083281249998 0.165740740625 0.1416666671875 0.1861111109375 0.1536458328125 0.1925925921875
1 0.15572916718750002 0.1166666671875 0.18020833281249998 0.140740740625 0.19479166718750002 0.1629629625 0.20052083281250002 0.1768518515625 0.20572916718749998 0.177777778125 0.2088541671875 0.1648148140625 0.1984375 0.12592592656249998 0.18125 0.09629629687499999 0.17239583281249998 0.0898148140625 0.1541666671875 0.060185185937499996 0.15 0.059259259375 0.153125 0.08425925937499999 0.1473958328125 0.0916666671875 0.1494791671875 0.102777778125 0.15572916718750002 0.1166666671875
1 0 0.1296296296875 0.0046875 0.1296296296875 0.0052083328125 0.12592592656249998 0.009375 0.1231481484375 0.0197916671875 0.127777778125 0.0223958328125 0.1351851859375 0.017708332812499998 0.1574074078125 0.0203125 0.16851851874999998 0.028125 0.17962962968750001 0.03125 0.190740740625 0.040625 0.2009259265625 0.05208333281250001 0.2009259265625 0.0645833328125 0.1888888890625 0.0958333328125 0.171296296875 0.0947916671875 0.15 0.0890625 0.1425925921875 0.0427083328125 0.12129629687500001 0.0286458328125 0.1111111109375 0.0135416671875 0.109259259375 0.0057291671875 0.102777778125 0 0.102777778125 0 0.1296296296875
1 0.08541666718749999 0.5935185187500001 0.0869791671875 0.6074074078125 0.0953125 0.6166666671875001 0.1046875 0.6129629624999999 0.11510416718750001 0.6148148140624999 0.1234375 0.6111111109375 0.1270833328125 0.60555555625 0.14010416718750002 0.60555555625 0.1421875 0.6120370375 0.1458333328125 0.6111111109375 0.1572916671875 0.5953703703125 0.1671875 0.56851851875 0.1619791671875 0.5175925921875 0.1463541671875 0.4990740734375 0.1338541671875 0.4981481484375 0.12395833281249999 0.5083333328124999 0.10729166718750001 0.5111111109375 0.09375 0.5314814812499999 0.08072916718749999 0.540740740625 0.0723958328125 0.5546296296875 0.071875 0.565740740625 0.0744791671875 0.5759259265625001 0.0791666671875 0.5870370375 0.08541666718749999 0.5935185187500001
1 0.47083333281249995 0.0990740734375 0.478125 0.1074074078125 0.4859375 0.11388888906250001 0.49322916718750004 0.1120370375 0.49583333281249997 0.0740740734375 0.4953125 0.0416666671875 0.49010416718750005 0.0351851859375 0.47864583281249995 0.030555556249999997 0.47083333281249995 0.021296296875000002 0.46302083281249995 0.0175925921875 0.45104166718750005 0.025 0.44895833281249997 0.0379629625 0.4515625 0.052777778124999994 0.4625 0.0824074078125 0.47083333281249995 0.0990740734375
1 0.4973958328125 0.10833333281249999 0.515625 0.0731481484375 0.5390625 0.045370370312500005 0.5520833328125 0.021296296875000002 0.553125 0.00555555625 0.5401041671875 0 0.5104166671875 0.013888889062500001 0.503125 0.028703703125 0.49583333281249997 0.053703703125 0.4921875 0.10185185156250001 0.49010416718750005 0.10370370312499999 0.4927083328125 0.109259259375 0.4973958328125 0.10833333281249999
1 0.5239583328124999 0.171296296875 0.5296875 0.171296296875 0.5484375 0.1666666671875 0.5692708328125 0.146296296875 0.5729166671875 0.13981481406250001 0.5755208328125 0.12129629687500001 0.5703125 0.1101851859375 0.5625 0.10370370312499999 0.55 0.102777778125 0.5375 0.1074074078125 0.5177083328125 0.13055555624999998 0.515625 0.1416666671875 0.515625 0.1583333328125 0.5177083328125 0.165740740625 0.5239583328124999 0.171296296875
1 0.5260416671875 0.20833333281250002 0.5291666671875 0.20370370312500002 0.5328125 0.2046296296875 0.5375 0.196296296875 0.540625 0.18055555625 0.5447916671875 0.172222221875 0.5432291671875 0.16944444375 0.5328125 0.16944444375 0.5270833328125 0.1759259265625 0.5125 0.15925925937500002 0.5057291671875 0.1629629625 0.48854166718750003 0.1620370375 0.4734375 0.17314814843749998 0.4734375 0.1851851859375 0.47760416718750004 0.1916666671875 0.50625 0.2046296296875 0.5260416671875 0.20833333281250002
1 0.6578125 0.20740740781250003 0.6755208328125 0.21111111093749999 0.68125 0.22685185156249998 0.684375 0.2259259265625 0.7 0.1898148140625 0.7020833328125 0.146296296875 0.7041666671875 0.1379629625 0.7005208328125 0.1361111109375 0.6541666671875 0.1481481484375 0.65 0.165740740625 0.6484375 0.177777778125 0.653125 0.1888888890625 0.6510416671875 0.2009259265625 0.6578125 0.20740740781250003
1 0.3453125 0.12870370312499999 0.3526041671875 0.146296296875 0.3697916671875 0.15648148125 0.3765625 0.17314814843749998 0.3802083328125 0.17314814843749998 0.3807291671875 0.1675925921875 0.384375 0.165740740625 0.38333333281250004 0.1629629625 0.390625 0.1361111109375 0.390625 0.12222222187500001 0.3859375 0.1074074078125 0.3770833328125 0.1 0.37447916718749996 0.102777778125 0.365625 0.09629629687499999 0.3625 0.0990740734375 0.3619791671875 0.10370370312499999 0.3572916671875 0.10185185156250001 0.3348958328125 0.0638888890625 0.3234375 0.058333332812500006 0.3151041671875 0.0620370375 0.3182291671875 0.0731481484375 0.3151041671875 0.09074074062500001 0.3161458328125 0.09351851875 0.3453125 0.12870370312499999
1 0.4145833328125 0.1425925921875 0.3958333328125 0.1416666671875 0.3916666671875 0.15092592656249998 0.3916666671875 0.1546296296875 0.4036458328125 0.15555555625 0.41197916718750005 0.15 0.4145833328125 0.1425925921875
1 0.19869791718750002 0.2453703703125 0.2078125 0.2509259265625 0.228125 0.24444444375000002 0.24895833281250002 0.24444444375000002 0.2401041671875 0.22777777812500002 0.2322916671875 0.222222221875 0.22760416718749998 0.2046296296875 0.21770833281250002 0.1898148140625 0.2015625 0.178703703125 0.1760416671875 0.18148148125000002 0.1760416671875 0.1898148140625 0.1854166671875 0.23611111093749998 0.1848958328125 0.24351851875000002 0.19869791718750002 0.2453703703125
1 0.471875 0.415740740625 0.4848958328125 0.44351851875000003 0.5015625 0.4509259265625 0.5109375 0.41944444374999995 0.5057291671875 0.3888888890625 0.49791666718750005 0.38148148125 0.4890625 0.38240740781250004 0.478125 0.375 0.47447916718750005 0.36296296250000004 0.45989583281249996 0.34351851875 0.4526041671875 0.3398148140625 0.44166666718750003 0.340740740625 0.4401041671875 0.3453703703125 0.4557291671875 0.3768518515625 0.4625 0.40555555625000006 0.471875 0.415740740625
1 0 0.25648148125 0.0276041671875 0.27777777812500004 0.058854167187499994 0.2898148140625 0.060416667187499995 0.272222221875 0.0557291671875 0.2453703703125 0.0442708328125 0.23055555625 0.028125 0.22870370312500002 0.017708332812499998 0.2416666671875 0.0098958328125 0.246296296875 0 0.2453703703125 0 0.25648148125