1 0.4453125 0.20555555625 0.45520833281249995 0.19537037031249999 0.45625 0.1833333328125 0.45885416718750005 0.177777778125 0.46770833281249996 0.1703703703125 0.47291666718750003 0.1601851859375 0.4765625 0.15 0.4770833328125 0.1379629625 0.46510416718750003 0.12870370312499999 0.4401041671875 0.13148148125 0.43125 0.1379629625 0.42552083281249997 0.15370370312499998 0.42552083281249997 0.2046296296875 0.43125 0.2166666671875 0.4401041671875 0.2166666671875 0.4453125 0.20555555625
1 0.41197916718750005 0.1990740734375 0.415625 0.2101851859375 0.42604166718750003 0.2046296296875 0.425 0.1740740734375 0.415625 0.15555555625 0.4078125 0.146296296875 0.3864583328125 0.1379629625 0.36666666718749996 0.1379629625 0.3567708328125 0.1490740734375 0.3567708328125 0.1574074078125 0.3609375 0.16851851874999998 0.4036458328125 0.1990740734375 0.41197916718750005 0.1990740734375
1 0.4734375 0.1888888890625 0.49635416718750003 0.165740740625 0.49583333281249997 0.1583333328125 0.490625 0.1481481484375 0.48541666718750004 0.147222221875 0.4734375 0.15370370312499998 0.4734375 0.1611111109375 0.4671875 0.1666666671875 0.4640625 0.1768518515625 0.4531165546875 0.1955005015625 0.45989583281249996 0.197222221875 0.4734375 0.1888888890625
1 0.5328125 0.178703703125 0.5317708328124999 0.1611111109375 0.521875 0.13981481406250001 0.5072916671875001 0.13055555624999998 0.4973958328125 0.1296296296875 0.49427083281249995 0.13333333281249998 0.49427083281249995 0.146296296875 0.4984375 0.165740740625 0.5072916671875001 0.177777778125 0.5328125 0.178703703125
1 0.5755208328125 0.134259259375 0.5791666671875 0.1148148140625 0.5692708328125 0.1 0.5526041671875 0.10648148125000001 0.5447916671875 0.11574074062499999 0.5359375 0.13333333281249998 0.5317708328124999 0.15648148125 0.5322916671875 0.18055555625 0.5395833328124999 0.1833333328125 0.5505208328125 0.177777778125 0.5755208328125 0.134259259375
1 0.3369791671875 0.3324074078125 0.3526041671875 0.322222221875 0.3552083328125 0.3166666671875 0.353125 0.3111111109375 0.3369791671875 0.3018518515625 0.3177083328125 0.3009259265625 0.3036458328125 0.309259259375 0.290625 0.32592592656249997 0.28854166718749996 0.3296296296875 0.28958333281250004 0.334259259375 0.3036458328125 0.34351851875 0.3369791671875 0.3324074078125
1 0.8109375 0.2629629625 0.8213541671875 0.25555555625 0.8296875 0.259259259375 0.834375 0.24907407343750002 0.8270833328125 0.22777777812500002 0.8104166671874999 0.21296296250000002 0.7973958328124999 0.209259259375 0.7677083328125 0.21111111093749999 0.7614583328125 0.2203703703125 0.7546875 0.2388888890625 0.7703125 0.25648148125 0.7786458328125 0.2611111109375 0.8109375 0.2629629625
1 0.25625 0.6148148140624999 0.2760416671875 0.5870370375 0.3078125 0.5611111109375 0.3057291671875 0.5361111109375 0.2979166671875 0.5305555562500001 0.2723958328125 0.5361111109375 0.2630208328125 0.5425925921875 0.2552083328125 0.5601851859375 0.2421875 0.58055555625 0.2364583328125 0.6009259265625 0.2359375 0.6120370375 0.23958333281250002 0.6231481484375 0.2442708328125 0.6240740734375 0.25625 0.6148148140624999
1 0.3255208328125 0.5555555562500001 0.3328125 0.5490740734374999 0.353125 0.5129629625 0.3552083328125 0.49351851875 0.35104166718749996 0.4879629625 0.3369791671875 0.4916666671875 0.3192708328125 0.503703703125 0.3109375 0.51851851875 0.3072916671875 0.5333333328125 0.3088541671875 0.5481481484375 0.3151041671875 0.5546296296875 0.3255208328125 0.5555555562500001
1 0.3838541671875 0.5111111109375 0.3921875 0.50555555625 0.3958333328125 0.497222221875 0.396875 0.47592592656250005 0.3927083328125 0.465740740625 0.3864583328125 0.46481481406249997 0.3848958328125 0.4583333328125 0.3807291671875 0.4546296296875 0.3729166671875 0.4546296296875 0.3630208328125 0.4703703703125 0.3625 0.503703703125 0.3645833328125 0.5111111109375 0.3723958328125 0.5138888890625 0.3838541671875 0.5111111109375
1 0.3164932296875 0.5077157406249999 0.3348958328125 0.4888888890625 0.33125 0.4703703703125 0.32083333281250004 0.46944444374999994 0.29739583281250004 0.48425925937500003 0.290625 0.49351851875 0.2901041671875 0.50555555625 0.29739583281250004 0.5231481484375 0.3067708328125 0.5305555562500001 0.3164932296875 0.5077157406249999
1 0.4921875 0.49629629687500004 0.49791666718750005 0.4768518515625 0.4770833328125 0.475 0.4578125 0.490740740625 0.45677083281249997 0.4981481484375 0.46197916718750004 0.50555555625 0.47760416718750004 0.5083333328124999 0.4921875 0.49629629687500004
1 0.49895833281249996 0.46296296249999996 0.5015625 0.47407407343749997 0.5072916671875001 0.48333333281249996 0.5182291671875 0.4824074078125 0.5291666671875 0.4703703703125 0.525 0.4509259265625 0.5098958328125 0.4175925921875 0.50625 0.41203703750000004 0.49791666718750005 0.409259259375 0.4692708328125 0.4129629625 0.45677083281249997 0.42592592656250006 0.43958333281249995 0.43055555625 0.43125 0.4388888890625 0.4302083328125 0.44259259218749997 0.43541666718750005 0.44629629687500005 0.48645833281249995 0.45277777812500003 0.49895833281249996 0.46296296249999996
1 0.6598958328125 0.197222221875 0.6614583328125 0.21296296250000002 0.665625 0.22314814843750003 0.6640625 0.22870370312500002 0.6791666671875001 0.24444444375000002 0.68125 0.252777778125 0.6854166671875 0.252777778125 0.7135416671875 0.22314814843750003 0.7151041671875 0.21111111093749999 0.7125 0.1898148140625 0.7052083328125 0.18148148125000002 0.7010416671875 0.16944444375 0.6859375 0.15555555625 0.6734375 0.1620370375 0.6666666671875 0.18148148125000002 0.66875 0.1888888890625 0.6677083328125 0.197222221875 0.6598958328125 0.197222221875
1 0.7046875 0.3879629625 0.7255208328125 0.3703703703125 0.73125 0.3601851859375 0.7338541671875001 0.3518518515625 0.7333333328125 0.334259259375 0.7291666671875 0.3111111109375 0.7229166671875 0.2953703703125 0.7130208328125 0.2870370375 0.7 0.2833333328125 0.6734375 0.3101851859375 0.6744791671875 0.315740740625 0.6677083328125 0.3296296296875 0.6619791671875 0.3518518515625 0.6619791671875 0.3638888890625 0.6708333328125 0.38055555625 0.6885416671875 0.3888888890625 0.7046875 0.3879629625
1 0.7770833328125 0.4046296296875 0.7921875 0.41944444374999995 0.8057291671875 0.42222222187499997 0.8171875 0.4203703703125 0.8213541671875 0.415740740625 0.8130208328125 0.35648148125 0.8026041671874999 0.33703703749999997 0.7921875 0.334259259375 0.7765625 0.33703703749999997 0.7604166671875 0.34629629687499996 0.7473958328125 0.3611111109375 0.7473958328125 0.372222221875 0.7572916671875001 0.3759259265625 0.7651041671875001 0.38333333281250004 0.7770833328125 0.4046296296875
1 0.7635416671875 0.46388888906250003 0.7723958328125 0.465740740625 0.778125 0.4620370375 0.7807291671875001 0.4546296296875 0.7791666671875 0.42870370312499995 0.7713541671875 0.40833333281249995 0.7677083328125 0.4046296296875 0.7635416671875 0.3851851859375 0.7489583328125 0.3759259265625 0.7473958328125 0.36851851875 0.7416666671875001 0.365740740625 0.7380208328125 0.36851851875 0.74375 0.4268518515625 0.7473958328125 0.44259259218749997 0.75625 0.4574074078125 0.7635416671875 0.46388888906250003
1 0.8692708328125001 0.60555555625 0.8875 0.5870370375 0.89375 0.5759259265625001 0.8953125 0.5638888890625 0.8927083328125001 0.5490740734374999 0.896875 0.540740740625 0.8932291671874999 0.5333333328125 0.8901041671875 0.5333333328125 0.8776041671874999 0.5175925921875 0.871875 0.5175925921875 0.8609375 0.522222221875 0.853125 0.5324074078125001 0.8479166671874999 0.5574074078125 0.8473958328125001 0.5759259265625001 0.8520833328125 0.5981481484375 0.8604166671875 0.60648148125 0.8692708328125001 0.60555555625
1 0.9 0.5925925921874999 0.9135416671875 0.6018518515625 0.9197916671874999 0.603703703125 0.9359375 0.5962962968750001 0.9421875 0.5796296296875 0.9442708328125 0.5666666671875 0.9401041671874999 0.5481481484375 0.9307291671875 0.534259259375 0.928125 0.525 0.9213541671875 0.5129629625 0.9151041671875 0.5083333328124999 0.9005208328125001 0.50648148125 0.8901041671875 0.5120370375000001 0.8890625 0.5296296296875 0.8869791671874999 0.5324074078125001 0.8901041671875 0.5796296296875 0.9 0.5925925921874999
1 0.9078125 0.5120370375000001 0.915625 0.50648148125 0.9098958328125001 0.49444444374999996 0.9114583328125001 0.4796296296875 0.9078125 0.465740740625 0.896875 0.44259259218749997 0.8802083328125001 0.4453703703125 0.871875 0.45185185156249996 0.8666666671875 0.4601851859375 0.8640625 0.4703703703125 0.8625 0.4824074078125 0.8666666671875 0.4981481484375 0.8802083328125001 0.5166666671875 0.9078125 0.5120370375000001
1 0.9296875 0.2768518515625 0.93125 0.2824074078125 0.9354166671874999 0.2824074078125 0.9385416671875 0.2740740734375 0.9505208328125001 0.2666666671875 0.9557291671874999 0.2546296296875 0.9697916671875 0.24722222187499998 0.9833333328125 0.23333333281250002 0.9916666671875 0.2203703703125 0.9911458328125 0.20277777812500003 0.984375 0.190740740625 0.9666666671874999 0.1833333328125 0.9380208328125 0.1851851859375 0.9223958328125 0.20277777812500003 0.9067708328125 0.23055555625 0.9083333328125001 0.24907407343750002 0.9171875 0.259259259375 0.9234375 0.272222221875 0.9296875 0.2768518515625
1 0.8296875 0.23148148124999998 0.8375 0.2166666671875 0.8380208328125001 0.21111111093749999 0.8380208328125001 0.19537037031249999 0.8296875 0.16944444375 0.8114583328125 0.15370370312499998 0.80625 0.13888888906250002 0.7994791671875 0.147222221875 0.796875 0.1611111109375 0.7958333328125 0.1851851859375 0.7979166671875 0.2046296296875 0.8109375 0.21203703749999997 0.8296875 0.23148148124999998
1 0.6546875 0.22777777812500002 0.6583333328125 0.23148148124999998 0.6682291671875 0.23055555625 0.6734375 0.23518518593749999 0.6708333328125 0.196296296875 0.6666666671875 0.184259259375 0.6489583328124999 0.15648148125 0.6307291671875 0.14444444375 0.6276041671875 0.147222221875 0.625 0.1611111109375 0.6286458328125 0.172222221875 0.6421875 0.197222221875 0.6546875 0.22777777812500002
1 0.5848958328125 0.2518518515625 0.5713541671875 0.2379629625 0.5427083328125 0.22870370312500002 0.5395833328124999 0.23055555625 0.5479166671875 0.240740740625 0.5520833328125 0.2509259265625 0.5848958328125 0.2518518515625
1 0.5989583328125 0.23333333281250002 0.6026041671875 0.21574074062499998 0.5911458328125 0.20833333281250002 0.5807291671875 0.21296296250000002 0.5692708328125 0.22407407343750002 0.5640625 0.23148148124999998 0.5645833328125 0.234259259375 0.5875 0.25 0.5989583328125 0.23333333281250002
1 0.3494791671875 0.43518518593750005 0.3604166671875 0.44907407343749994 0.3692708328125 0.44351851875000003 0.3734375 0.41111111093749997 0.3723958328125 0.403703703125 0.3645833328125 0.3898148140625 0.353125 0.3796296296875 0.3416666671875 0.3759259265625 0.3338541671875 0.3925925921875 0.3333333328125 0.40555555625000006 0.34375 0.42314814843750004 0.3458333328125 0.43518518593750005 0.3494791671875 0.43518518593750005
1 0.571875 0.3296296296875 0.5796875 0.32685185156249996 0.5833333328125 0.3148148140625 0.5729166671875 0.29444444375 0.5640625 0.284259259375 0.5588541671875 0.2833333328125 0.5510416671875 0.2870370375 0.546875 0.321296296875 0.5463541671875001 0.3296296296875 0.5510416671875 0.3379629625 0.5640625 0.33888888906250003 0.571875 0.3296296296875
1 0.5322916671875 0.46666666718750005 0.5354166671875 0.46666666718750005 0.5713541671875 0.43518518593750005 0.578125 0.4203703703125 0.5916666671875 0.41944444374999995 0.5822916671875 0.4148148140625 0.5770833328125 0.42129629687500003 0.5666666671875 0.415740740625 0.5473958328124999 0.42129629687500003 0.5328125 0.4296296296875 0.5265625 0.4370370375 0.5239583328124999 0.44166666718750003 0.5244791671875 0.44907407343749994 0.5279515625 0.45 0.5322916671875 0.46666666718750005
1 0.759375 0.6870370375 0.7619791671875 0.6768518515624999 0.7625 0.6555555562500001 0.7526041671875 0.63055555625 0.7463541671875 0.6268518515625 0.7317708328125 0.6425925921875 0.725 0.6546296296875 0.7229166671875 0.6648148140625 0.7213541671875 0.6851851859375 0.7234375 0.6888888890625 0.7526041671875 0.690740740625 0.759375 0.6870370375
1 0.540625 0.603703703125 0.5484375 0.6120370375 0.553125 0.6101851859375 0.5572916671875 0.5916666671875 0.5583333328125 0.5722222218749999 0.5526041671875 0.5546296296875 0.5484375 0.5490740734374999 0.5385416671875001 0.5481481484375 0.521875 0.5574074078125 0.5208333328125 0.56851851875 0.5244791671875 0.5796296296875 0.5369791671875 0.5935185187500001 0.540625 0.603703703125
1 0.5765625 0.6805555562500001 0.584375 0.6731481484375 0.5796875 0.6509259265625 0.56875 0.6416666671875 0.5520833328125 0.6425925921875 0.5463541671875001 0.6509259265625 0.5453125 0.6601851859375001 0.5484375 0.66944444375 0.5567708328125 0.6768518515624999 0.5765625 0.6805555562500001
1 0.6088541671875001 0.603703703125 0.6088541671875001 0.5916666671875 0.5958333328125 0.577777778125 0.5833333328125 0.578703703125 0.5739583328125 0.5861111109375 0.5703125 0.5935185187500001 0.5739583328125 0.622222221875 0.5869791671875 0.6296296296875 0.6046875 0.6129629624999999 0.6088541671875001 0.603703703125
1 0.8104166671874999 0.6009259265625 0.8234375 0.5944444437499999 0.83125 0.584259259375 0.8197916671875 0.5638888890625 0.803125 0.5518518515624999 0.7942708328125 0.55 0.7859375 0.5601851859375 0.7817708328124999 0.571296296875 0.78125 0.5879629625 0.7859375 0.5990740734375 0.7890625 0.6009259265625 0.8104166671874999 0.6009259265625
1 0.9994791671875 0.47592592656250005 0.9619791671875 0.4703703703125 0.9458333328125 0.4731481484375 0.9432291671874999 0.477777778125 0.9463541671875 0.4824074078125 0.9994791671875 0.5120370375000001 0.9994791671875 0.47592592656250005
1 0.9505208328125001 0.521296296875 0.9505208328125001 0.5111111109375 0.9432291671874999 0.490740740625 0.9390625 0.4888888890625 0.9317708328125001 0.49259259218749996 0.9270833328125001 0.509259259375 0.9265625 0.51851851875 0.93125 0.5314814812499999 0.9432291671874999 0.5305555562500001 0.9505208328125001 0.521296296875
1 0.8786458328125001 0.24907407343750002 0.8869791671874999 0.24351851875000002 0.8911458328125 0.23148148124999998 0.8947916671874999 0.22777777812500002 0.8619791671874999 0.21944444375 0.8421875 0.21851851875 0.8302083328125001 0.22870370312500002 0.8296875 0.23240740781250002 0.8369791671875 0.2518518515625 0.8416666671874999 0.2546296296875 0.8786458328125001 0.24907407343750002
1 0.70625 0.2546296296875 0.7307291671875 0.2388888890625 0.7520833328125 0.23611111093749998 0.7520833328125 0.2259259265625 0.7557291671875 0.21944444375 0.7510416671875 0.2138888890625 0.7520833328125 0.20833333281250002 0.7505208328124999 0.20648148125 0.7421875 0.2009259265625 0.7333333328125 0.2018518515625 0.7026041671875001 0.23611111093749998 0.696875 0.24351851875000002 0.7026041671875001 0.24722222187499998 0.7026041671875001 0.253703703125 0.70625 0.2546296296875
1 0.6302083328125 0.3111111109375 0.6375 0.29814814843750004 0.6364583328125 0.2916666671875 0.6234375 0.2888888890625 0.6151041671875 0.28148148125 0.6 0.2824074078125 0.5932291671875001 0.2888888890625 0.5895833328125 0.2833333328125 0.5838541671875 0.28611111093749997 0.5833333328125 0.2916666671875 0.5854166671875001 0.29444444375 0.6223958328125 0.315740740625 0.6302083328125 0.3111111109375
1 0.421875 0.3379629625 0.42760416718750005 0.34629629687499996 0.43541666718750005 0.3379629625 0.4390625 0.3379629625 0.440625 0.296296296875 0.44739583281249995 0.2666666671875 0.43854166718750004 0.24814814843750002 0.4291666671875 0.24351851875000002 0.421875 0.2509259265625 0.41510416718750004 0.2703703703125 0.40625 0.28055555625 0.40416666718750005 0.2898148140625 0.403125 0.3148148140625 0.4046875 0.31944444375000003 0.4114583328125 0.33148148125 0.421875 0.3379629625
1 0.8151041671874999 0.334259259375 0.8369791671875 0.315740740625 0.859375 0.3083333328125 0.878125 0.2796296296875 0.8828125 0.2675925921875 0.8354166671875 0.259259259375 0.8104166671874999 0.272222221875 0.778125 0.275 0.7703125 0.2796296296875 0.7703125 0.2870370375 0.775 0.29814814843750004 0.7979166671875 0.3333333328125 0.8151041671874999 0.334259259375
1 0.9901041671874999 0.1981481484375 0.9994791671875 0.1879629625 0.9994791671875 0.1629629625 0.9901041671874999 0.1583333328125 0.9625 0.15648148125 0.946875 0.1620370375 0.9348958328125001 0.172222221875 0.9354166671874999 0.1833333328125 0.9666666671874999 0.18148148125000002 0.984375 0.1888888890625 0.9901041671874999 0.1981481484375
1 0.3411458328125 0.3203703703125 0.3395833328125 0.325 0.3416666671875 0.32592592656249997 0.3515625 0.322222221875 0.3572916671875 0.3148148140625 0.3640625 0.290740740625 0.3692708328125 0.284259259375 0.3697916671875 0.27870370312500004 0.3614583328125 0.2666666671875 0.3536458328125 0.271296296875 0.35 0.2648148140625 0.3421875 0.2648148140625 0.3265625 0.272222221875 0.3203125 0.28611111093749997 0.31979166718749996 0.290740740625 0.325 0.29722222187499997 0.340625 0.30555555624999997 0.3411458328125 0.3203703703125
1 0.340625 0.46851851875 0.3463541671875 0.4388888890625 0.34322916718749996 0.41944444374999995 0.3333333328125 0.40555555625000006 0.321875 0.4148148140625 0.31875 0.42129629687500003 0.3177083328125 0.440740740625 0.3234375 0.4620370375 0.3333333328125 0.4703703703125 0.340625 0.46851851875
1 0.5708333328124999 0.7398148140624999 0.5776041671875001 0.715740740625 0.5765625 0.7 0.5677083328125 0.6953703703125 0.553125 0.702777778125 0.5536458328125 0.7185185187500001 0.559375 0.73148148125 0.5645833328125 0.7398148140624999 0.5708333328124999 0.7398148140624999
1 0.5458333328125 0.771296296875 0.5484375 0.7546296296875 0.540625 0.747222221875 0.53125 0.7490740734375 0.5296875 0.7518518515625 0.5307291671875001 0.7833333328125 0.5354166671875 0.7851851859375001 0.5458333328125 0.771296296875
1 0.5223958328125 0.8027777781250001 0.5302083328125 0.7861111109375 0.5286458328125 0.7787037031249999 0.5171875 0.7648148140625 0.5135416671875 0.7648148140625 0.5104166671875 0.7759259265625 0.5114583328125 0.7990740734374999 0.5140625 0.80648148125 0.5177083328125 0.8074074078125 0.5223958328125 0.8027777781250001
1 0.478125 0.6083333328125 0.4828125 0.5916666671875 0.48333333281249996 0.5731481484375001 0.47447916718750005 0.56851851875 0.46666666718750005 0.5722222218749999 0.46458333281249997 0.577777778125 0.4640625 0.5861111109375 0.46979166718750004 0.603703703125 0.47447916718750005 0.6101851859375 0.478125 0.6083333328125
1 0.44322916718750005 0.5990740734375 0.45208333281249996 0.5870370375 0.45 0.5731481484375001 0.453125 0.5620370375 0.4557291671875 0.5601851859375 0.45520833281249995 0.5518518515624999 0.44947916718750003 0.54351851875 0.4479166671875 0.5351851859375001 0.4390625 0.5305555562500001 0.4296875 0.54351851875 0.4302083328125 0.5490740734374999 0.42604166718750003 0.5555555562500001 0.42395833281249995 0.5703703703125 0.4234375 0.5925925921874999 0.43541666718750005 0.5925925921874999 0.4390625 0.5990740734375 0.44322916718750005 0.5990740734375
1 0.459375 0.5166666671875 0.4427083328125 0.509259259375 0.4458333328125 0.5296296296875 0.45520833281249995 0.5305555562500001 0.45989583281249996 0.525 0.459375 0.5166666671875
1 0.3875 0.4361111109375 0.3859375 0.425 0.3802083328125 0.4175925921875 0.37552083281250004 0.4166666671875 0.3723958328125 0.42592592656250006 0.3713541671875 0.440740740625 0.3734375 0.4481481484375 0.3817708328125 0.447222221875 0.3875 0.4361111109375
1 0.39791666718749996 0.29444444375 0.4015625 0.284259259375 0.4010416671875 0.2759259265625 0.3947916671875 0.271296296875 0.3875 0.2703703703125 0.38333333281250004 0.2759259265625 0.38229166718749996 0.2851851859375 0.3848958328125 0.29444444375 0.3921875 0.3 0.39791666718749996 0.29444444375
1 0.6234375 0.884259259375 0.6302083328125 0.8546296296874999 0.6286458328125 0.8370370375 0.6223958328125 0.8296296296874999 0.6088541671875001 0.8361111109375001 0.6046875 0.8416666671874999 0.6052083328125 0.85648148125 0.6104166671875 0.871296296875 0.6177083328124999 0.8833333328125 0.6234375 0.884259259375
1 0.5958333328125 0.8333333328125001 0.59375 0.8240740734375 0.5822916671875 0.8194444437499999 0.5770833328125 0.8083333328125001 0.571875 0.8138888890624999 0.571875 0.8333333328125001 0.5786458328124999 0.85 0.584375 0.8490740734375001 0.5958333328125 0.8333333328125001
1 0.6067708328125 0.9074074078125 0.609375 0.88055555625 0.6072916671875 0.8703703703125001 0.6 0.8675925921875001 0.5911458328125 0.875 0.5911458328125 0.8861111109375001 0.5953125 0.8990740734375 0.6026041671875 0.909259259375 0.6067708328125 0.9074074078125
1 0.5234375 0.6879629625 0.5239583328124999 0.671296296875 0.5213541671875 0.6629629625 0.5109375 0.6648148140625 0.5072916671875001 0.6703703703125 0.5067708328125 0.678703703125 0.5098958328125 0.6888888890625 0.5182291671875 0.69351851875 0.5234375 0.6879629625
1 0.6598958328125 0.7166666671875 0.6614583328125 0.7009259265625001 0.6541666671875 0.6851851859375 0.6432291671875 0.69351851875 0.6411458328124999 0.702777778125 0.6453125 0.727777778125 0.6536458328125 0.7333333328125 0.6598958328125 0.7166666671875
1 0.7046875 0.7175925921874999 0.7072916671875 0.7009259265625001 0.7010416671875 0.68148148125 0.6890625 0.6833333328125 0.6859375 0.6888888890625 0.6859375 0.7009259265625001 0.69375 0.7166666671875 0.6989583328125 0.7212962968750001 0.7046875 0.7175925921874999
1 0.7927083328125 0.8333333328125001 0.80625 0.8111111109375001 0.80625 0.8018518515625 0.8010416671874999 0.7925925921875 0.7916666671875 0.7870370375 0.7796875 0.7898148140625 0.7802083328125 0.8083333328125001 0.7833333328125 0.8259259265625 0.7869791671875 0.8333333328125001 0.7927083328125 0.8333333328125001
1 0.8536458328125001 0.8388888890624999 0.85 0.8324074078124999 0.8375 0.8333333328125001 0.8338541671874999 0.8481481484375 0.8338541671874999 0.8546296296874999 0.8505208328125 0.86944444375 0.8572916671874999 0.86851851875 0.8536458328125001 0.8388888890624999
1 0.8932291671874999 0.81851851875 0.8979166671875 0.809259259375 0.8994791671875 0.8 0.8994791671875 0.790740740625 0.8963541671874999 0.7796296296875 0.8880208328125001 0.7703703703125 0.8744791671875 0.7759259265625 0.871875 0.7981481484375 0.8776041671874999 0.8175925921875 0.8833333328125 0.825 0.8932291671874999 0.81851851875
1 0.8317708328125001 0.7490740734375 0.8322916671874999 0.7194444437499999 0.8260416671874999 0.70555555625 0.8083333328125001 0.7175925921874999 0.8083333328125001 0.7361111109375 0.8177083328125001 0.7509259265625 0.8270833328125 0.753703703125 0.8317708328125001 0.7490740734375
1 0.8671875 0.6925925921875 0.86875 0.678703703125 0.865625 0.671296296875 0.8536458328125001 0.6703703703125 0.8494791671874999 0.6666666671875 0.846875 0.66944444375 0.8473958328125001 0.684259259375 0.853125 0.696296296875 0.8614583328125001 0.6990740734374999 0.8671875 0.6925925921875
1 0.9276041671874999 0.7018518515625 0.9296875 0.6981481484375001 0.9276041671874999 0.6796296296875 0.9239583328125001 0.6703703703125 0.9197916671874999 0.6675925921875 0.9140625 0.6731481484375 0.9119791671874999 0.6805555562500001 0.9114583328125001 0.6898148140625 0.9145833328125 0.6972222218749999 0.9234375 0.7018518515625 0.9276041671874999 0.7018518515625
1 0.8390625 0.45 0.8390625 0.44259259218749997 0.8354166671875 0.4370370375 0.8291666671875 0.4361111109375 0.8239583328125001 0.440740740625 0.8229166671874999 0.44907407343749994 0.8276041671875 0.4601851859375 0.8338541671874999 0.4620370375 0.8390625 0.45
1 0.6541666671875 0.004629629687499999 0.646875 0 0.6375 0.00555555625 0.6322916671875001 0.013888889062500001 0.6421875 0.0388888890625 0.6588541671875 0.0175925921875 0.6541666671875 0.004629629687499999
1 0.6734375 0.1361111109375 0.6859375 0.11851851875 0.6854166671875 0.1111111109375 0.6916666671875 0.09074074062500001 0.6890625 0.08518518593749999 0.6708333328125 0.08518518593749999 0.665625 0.0888888890625 0.6598958328125 0.10185185156250001 0.6578125 0.1120370375 0.6645833328124999 0.11944444375 0.6697916671875 0.134259259375 0.6734375 0.1361111109375
1 0.6510416671875 0.0953703703125 0.6484375 0.07962962968750001 0.64375 0.07962962968750001 0.6390625 0.0870370375 0.6380208328125 0.0953703703125 0.6416666671875 0.10370370312499999 0.6473958328125 0.10185185156250001 0.6510416671875 0.0953703703125
0 0.9479166671874999 0.41111111093749997 0.9479166671874999 0.4018518515625 0.9453125 0.3953703703125 0.9380208328125 0.3916666671875 0.9322916671874999 0.39351851875 0.9328125 0.403703703125 0.9364583328125 0.41111111093749997 0.9427083328125001 0.415740740625 0.9479166671874999 0.41111111093749997
0 0.9828125 0.38148148125 0.9703125 0.3703703703125 0.9619791671875 0.375 0.9619791671875 0.38703703749999996 0.9692708328125 0.3925925921875 0.975 0.3925925921875 0.9828125 0.38148148125
2 0.6083333328125 0.8129629625 0.6104166671875 0.803703703125 0.6088541671875001 0.7888888890625 0.6026041671875 0.7824074078125001 0.5916666671875 0.7814814812499999 0.5895833328125 0.7851851859375001 0.5895833328125 0.8 0.5958333328125 0.8175925921875 0.5994791671875 0.8203703703125 0.6083333328125 0.8129629625